mutation,cluster
53,4
103,4
175,4
242,4
332,4
391,4
635,4
1047,4
1386,4
1616,4
1738,4
1828,4
1939,4
2091,4
2095,4
2172,4
2181,4
2282,4
2449,4
2532,4
2679,4
2734,4
2767,4
2925,4
3111,4
3123,4
3384,4
3418,4
3477,4
3500,4
3541,4
3719,4
3761,4
3896,4
4204,4
4438,4
4964,4
5096,4
5104,4
5171,4
5408,4
5569,4
5633,4
5650,4
5737,4
5816,4
5842,4
6080,4
6132,4
6149,4
6226,4
6469,4
6507,4
6518,4
6923,4
7089,4
7157,4
7546,4
7604,4
7614,4
7659,4
7700,4
7709,4
7817,4
7827,4
7849,4
8056,4
8069,4
8219,4
8271,4
8273,4
8379,4
8405,4
8438,4
8573,4
8611,4
8671,4
8681,4
8770,4
8989,4
9052,4
9131,4
9281,4
9366,4
9375,4
9628,4
9684,4
9889,4
2,4
130,4
210,4
253,4
254,4
260,4
280,4
347,4
410,4
462,4
647,4
744,4
752,4
777,4
923,4
995,4
1020,4
1172,4
1177,4
1225,4
1322,4
1512,4
1603,4
1630,4
1673,4
1734,4
1941,4
1952,4
2141,4
2217,4
2242,4
2252,4
2258,4
2266,4
2294,4
2324,4
2344,4
2643,4
2790,4
2804,4
2822,4
3099,4
3351,4
3355,4
3373,4
3402,4
3582,4
3623,4
3649,4
3653,4
3670,4
3689,4
3834,4
3847,4
3986,4
3999,4
4079,4
4117,4
4180,4
4229,4
4314,4
4419,4
4421,4
4446,4
4583,4
4720,4
4724,4
4732,4
4800,4
4892,4
4903,4
4908,4
4951,4
5031,4
5209,4
5585,4
5639,4
5673,4
5720,4
5898,4
5933,4
6175,4
6319,4
6349,4
6366,4
6386,4
6461,4
6468,4
6661,4
6828,4
6847,4
6916,4
6934,4
6952,4
7008,4
7047,4
7079,4
7229,4
7305,4
7364,4
7468,4
7724,4
7732,4
7741,4
7839,4
7891,4
8116,4
8145,4
8225,4
8236,4
8263,4
8385,4
8406,4
8581,4
8640,4
8731,4
8757,4
8974,4
9006,4
9277,4
9417,4
9495,4
9536,4
9595,4
9652,4
9733,4
9786,4
9834,4
9859,4
9868,4
9872,4
9956,4
40,4
97,4
205,4
241,4
354,4
627,4
653,4
691,4
836,4
907,4
992,4
997,4
1096,4
1162,4
1190,4
1482,4
1562,4
1801,4
1974,4
1991,4
2036,4
2144,4
2285,4
2297,4
2617,4
2633,4
2720,4
2785,4
2903,4
2961,4
2976,4
2995,4
3280,4
3289,4
3332,4
3339,4
3371,4
3431,4
3472,4
3510,4
3550,4
3753,4
3843,4
3909,4
3921,4
4014,4
4028,4
4050,4
4078,4
4183,4
4203,4
4208,4
4242,4
4309,4
4351,4
4399,4
4411,4
4496,4
4708,4
4772,4
4991,4
5061,4
5250,4
5299,4
5301,4
5319,4
5364,4
5678,4
5744,4
5755,4
5964,4
5983,4
6127,4
6136,4
6170,4
6202,4
6530,4
6619,4
6699,4
6914,4
6929,4
6971,4
7102,4
7129,4
7203,4
7436,4
7595,4
7648,4
7706,4
7784,4
7876,4
8203,4
8259,4
8310,4
8481,4
8561,4
8769,4
8882,4
8887,4
8983,4
8999,4
9109,4
9153,4
9199,4
9295,4
9298,4
9312,4
9496,4
9740,4
9766,4
9777,4
9816,4
9845,4
9994,4
1,4
57,4
183,4
229,4
307,4
362,4
386,4
408,4
478,4
495,4
537,4
808,4
832,4
852,4
861,4
867,4
928,4
955,4
1035,4
1176,4
1178,4
1226,4
1417,4
1425,4
1537,4
1803,4
1950,4
2080,4
2115,4
2369,4
2395,4
2509,4
2588,4
2757,4
2766,4
2835,4
2869,4
2939,4
3031,4
3081,4
3191,4
3232,4
3254,4
3256,4
3480,4
3542,4
3979,4
4010,4
4089,4
4283,4
4416,4
4477,4
4495,4
4617,4
4683,4
4751,4
4876,4
4985,4
5038,4
5154,4
5316,4
5318,4
5491,4
5539,4
5619,4
5640,4
5924,4
5992,4
6151,4
6209,4
6464,4
6470,4
6480,4
6487,4
6571,4
6625,4
6742,4
6757,4
6851,4
6993,4
7162,4
7211,4
7282,4
7496,4
7552,4
7590,4
7646,4
7650,4
7679,4
7684,4
7865,4
7974,4
8067,4
8084,4
8190,4
8221,4
8324,4
8479,4
8629,4
8688,4
8788,4
8960,4
8998,4
9028,4
9089,4
9094,4
9095,4
9101,4
9117,4
9185,4
9259,4
9353,4
9357,4
9515,4
9720,4
9848,4
9918,4
14,4
85,4
157,4
182,4
238,4
389,4
400,4
466,4
601,4
617,4
670,4
685,4
750,4
790,4
1065,4
1088,4
1136,4
1187,4
1198,4
1203,4
1361,4
1377,4
1424,4
1430,4
1485,4
1661,4
1703,4
1743,4
1759,4
1794,4
1977,4
2198,4
2351,4
2370,4
2377,4
2418,4
2454,4
2478,4
2496,4
2724,4
2762,4
2768,4
2827,4
2975,4
2987,4
3066,4
3083,4
3365,4
3400,4
3412,4
3456,4
3462,4
3513,4
3518,4
3560,4
3585,4
3615,4
3668,4
3684,4
3758,4
3768,4
3774,4
3813,4
3823,4
3863,4
3873,4
3964,4
4029,4
4073,4
4228,4
4321,4
4470,4
4536,4
4541,4
4554,4
4569,4
4672,4
4689,4
4703,4
4710,4
4729,4
4766,4
4859,4
4980,4
5044,4
5200,4
5214,4
5241,4
5255,4
5267,4
5336,4
5350,4
5366,4
5388,4
5398,4
5425,4
5473,4
5476,4
5594,4
5624,4
5732,4
5758,4
5791,4
5917,4
5972,4
5999,4
6088,4
6224,4
6278,4
6340,4
6404,4
6444,4
6474,4
6679,4
6687,4
6747,4
6817,4
6853,4
6883,4
6908,4
6938,4
6965,4
6974,4
6992,4
7285,4
7378,4
7399,4
7416,4
7495,4
7500,4
7544,4
7582,4
7603,4
7680,4
7991,4
7993,4
8014,4
8169,4
8176,4
8178,4
8230,4
8333,4
8386,4
8445,4
8485,4
8517,4
8554,4
8614,4
8703,4
8750,4
8766,4
8783,4
8840,4
8851,4
8889,4
8903,4
8907,4
9039,4
9113,4
9213,4
9245,4
9310,4
9389,4
9395,4
9455,4
9611,4
9622,4
9650,4
9687,4
9774,4
9893,4
9896,4
9940,4
102,4
286,4
287,4
409,4
613,4
710,4
782,4
793,4
872,4
1006,4
1045,4
1059,4
1066,4
1073,4
1134,4
1457,4
1476,4
1488,4
1509,4
1594,4
1848,4
2028,4
2048,4
2054,4
2069,4
2089,4
2157,4
2165,4
2187,4
2215,4
2274,4
2368,4
2425,4
2563,4
2641,4
2649,4
2674,4
2771,4
2831,4
2902,4
2940,4
3055,4
3138,4
3177,4
3250,4
3298,4
3301,4
3314,4
3322,4
3372,4
3460,4
3527,4
3680,4
3682,4
4003,4
4075,4
4096,4
4150,4
4167,4
4482,4
4624,4
4651,4
4763,4
4799,4
5228,4
5265,4
5282,4
5320,4
5361,4
5389,4
5502,4
5512,4
5537,4
5651,4
5675,4
5741,4
5742,4
5895,4
5930,4
5934,4
5944,4
6342,4
6463,4
6556,4
6655,4
6783,4
6870,4
6880,4
6889,4
7041,4
7062,4
7160,4
7194,4
7527,4
7641,4
7651,4
7750,4
7802,4
7822,4
7854,4
7915,4
7947,4
7998,4
8004,4
8142,4
8223,4
8286,4
8552,4
8601,4
8663,4
8790,4
8878,4
8957,4
9074,4
9533,4
9729,4
9820,4
9844,4
9938,4
9942,4
93,4
100,4
194,4
264,4
453,4
486,4
877,4
1023,4
1063,4
1079,4
1093,4
1249,4
1343,4
1693,4
1755,4
1799,4
1953,4
1975,4
2034,4
2056,4
2293,4
2301,4
2429,4
2553,4
2631,4
2636,4
2639,4
2647,4
2802,4
2825,4
2883,4
2956,4
3097,4
3100,4
3174,4
3186,4
3333,4
3358,4
3476,4
3483,4
3543,4
3563,4
3574,4
3743,4
3745,4
3756,4
4376,4
4379,4
4459,4
4525,4
4547,4
4737,4
5069,4
5080,4
5122,4
5124,4
5187,4
5363,4
5380,4
5417,4
5458,4
5504,4
5534,4
5692,4
5753,4
6206,4
6245,4
6306,4
6562,4
6613,4
6782,4
6812,4
6864,4
6922,4
7122,4
7256,4
7317,4
7480,4
7584,4
7608,4
7633,4
7714,4
7777,4
7805,4
7888,4
7918,4
8028,4
8139,4
8177,4
8290,4
8358,4
8402,4
8489,4
8637,4
8707,4
8825,4
8854,4
8891,4
9198,4
9437,4
9453,4
9457,4
9526,4
9805,4
9943,4
79,4
94,4
123,4
172,4
278,4
380,4
398,4
422,4
826,4
855,4
1032,4
1204,4
1313,4
1320,4
1341,4
1399,4
1421,4
1558,4
1581,4
1637,4
1785,4
2116,4
2195,4
2248,4
2314,4
2472,4
2759,4
2760,4
2935,4
2953,4
3029,4
3079,4
3286,4
3516,4
3762,4
3871,4
3878,4
3895,4
3914,4
3928,4
3958,4
4131,4
4345,4
4417,4
4463,4
4776,4
5072,4
5138,4
5160,4
5221,4
5324,4
5339,4
5468,4
5496,4
5516,4
5532,4
5546,4
5568,4
5571,4
5662,4
5714,4
5856,4
5861,4
5886,4
6308,4
6313,4
6327,4
6331,4
6668,4
6685,4
6746,4
6791,4
6878,4
7071,4
7249,4
7320,4
7461,4
7631,4
7653,4
7729,4
8152,4
8155,4
8188,4
8215,4
8254,4
8301,4
8389,4
8824,4
8902,4
9016,4
9049,4
9066,4
9248,4
9260,4
9355,4
9481,4
9530,4
9643,4
9691,4
9778,4
9846,4
19,4
358,4
498,4
543,4
572,4
580,4
591,4
605,4
658,4
810,4
840,4
885,4
889,4
919,4
988,4
1003,4
1033,4
1186,4
1496,4
1619,4
1699,4
1746,4
1864,4
2017,4
2340,4
2946,4
3064,4
3171,4
3490,4
3579,4
3612,4
3819,4
3830,4
3865,4
3939,4
3971,4
4135,4
4141,4
4156,4
4220,4
4402,4
4510,4
4515,4
4855,4
4875,4
4932,4
5192,4
5234,4
5292,4
5377,4
5399,4
5709,4
5719,4
5749,4
5976,4
5980,4
6236,4
6310,4
6436,4
6553,4
7278,4
7284,4
7308,4
7449,4
7453,4
7513,4
7599,4
7669,4
7711,4
7751,4
7901,4
7943,4
8214,4
8610,4
8628,4
8693,4
8709,4
8852,4
9032,4
9082,4
9133,4
9147,4
9255,4
9414,4
9442,4
9554,4
9555,4
9711,4
9749,4
9792,4
113,4
167,4
344,4
588,4
594,4
781,4
794,4
816,4
818,4
835,4
1042,4
1110,4
1160,4
1257,4
1279,4
1414,4
1429,4
1549,4
1729,4
1868,4
1983,4
2053,4
2109,4
2241,4
2307,4
2311,4
2325,4
2331,4
2436,4
2469,4
2596,4
2612,4
2663,4
2765,4
2872,4
2929,4
2993,4
3052,4
3161,4
3180,4
3218,4
3448,4
3534,4
3908,4
3923,4
3927,4
3952,4
3994,4
4002,4
4056,4
4105,4
4311,4
4512,4
4523,4
4638,4
4725,4
4739,4
4779,4
4789,4
5136,4
5219,4
5272,4
5276,4
5374,4
5424,4
5460,4
5525,4
5587,4
5704,4
5727,4
5836,4
5852,4
6025,4
6057,4
6079,4
6092,4
6124,4
6199,4
6214,4
6243,4
6271,4
6290,4
6519,4
6616,4
6636,4
6778,4
7050,4
7056,4
7068,4
7085,4
7146,4
7217,4
7302,4
7361,4
7409,4
7426,4
7469,4
7529,4
7644,4
7663,4
7668,4
7941,4
8105,4
8166,4
8270,4
8309,4
8323,4
8361,4
8365,4
8434,4
8449,4
8568,4
8715,4
8837,4
8880,4
8995,4
9149,4
9256,4
9287,4
9336,4
9368,4
9372,4
9435,4
9564,4
9623,4
9839,4
90,4
163,4
452,4
481,4
574,4
719,4
739,4
756,4
758,4
871,4
882,4
1202,4
1318,4
1523,4
1595,4
1605,4
1684,4
1698,4
1745,4
1754,4
1942,4
1956,4
2209,4
2295,4
2359,4
2470,4
2497,4
2567,4
2763,4
2778,4
2855,4
2899,4
3102,4
3231,4
3304,4
3767,4
3810,4
3858,4
3859,4
3949,4
4133,4
4434,4
4714,4
4743,4
4794,4
4847,4
4854,4
5148,4
5387,4
5431,4
5553,4
5817,4
6055,4
6218,4
6233,4
6484,4
6595,4
6662,4
6719,4
6896,4
6959,4
7107,4
7161,4
7550,4
7615,4
7685,4
7697,4
7778,4
8053,4
8180,4
8195,4
8241,4
8532,4
8841,4
8876,4
8881,4
8992,4
9116,4
9424,4
9458,4
9537,4
9558,4
9779,4
9950,4
9967,4
9981,4
9990,4
145,4
201,4
446,4
813,4
819,4
1135,4
1253,4
1317,4
1419,4
1431,4
1470,4
1580,4
1638,4
1782,4
1840,4
1940,4
2243,4
2364,4
2373,4
2412,4
2580,4
2584,4
2747,4
2826,4
2892,4
3023,4
3084,4
3098,4
3162,4
3228,4
3238,4
3242,4
3277,4
3391,4
3635,4
3675,4
3821,4
4169,4
4313,4
4664,4
4731,4
4872,4
4959,4
5030,4
5037,4
5057,4
5141,4
5340,4
5629,4
5643,4
5700,4
5867,4
6188,4
6227,4
6350,4
6863,4
6895,4
6937,4
7087,4
7104,4
7141,4
7212,4
7373,4
7381,4
7447,4
7463,4
7662,4
7673,4
7806,4
8026,4
8140,4
8363,4
8372,4
8378,4
8482,4
8727,4
8728,4
8793,4
8865,4
8884,4
8898,4
8926,4
8946,4
8951,4
8988,4
9042,4
9232,4
9326,4
9329,4
9483,4
9524,4
9556,4
9660,4
9674,4
9688,4
147,4
268,4
355,4
477,4
615,4
656,4
673,4
851,4
854,4
881,4
904,4
1028,4
1069,4
1456,4
1472,4
1501,4
1622,4
1836,4
1862,4
1916,4
1922,4
1932,4
2211,4
2233,4
2394,4
2493,4
2741,4
2770,4
2954,4
3082,4
3143,4
3193,4
3261,4
3508,4
3526,4
3637,4
3686,4
3760,4
3862,4
3911,4
4145,4
4196,4
4232,4
4239,4
4405,4
4475,4
4685,4
4952,4
5050,4
5078,4
5085,4
5165,4
5201,4
5246,4
5507,4
5730,4
5887,4
5903,4
6194,4
6247,4
6486,4
6609,4
6763,4
6793,4
6856,4
6891,4
6915,4
7275,4
7616,4
7624,4
7665,4
7752,4
8010,4
8094,4
8432,4
8450,4
8486,4
8586,4
8590,4
8657,4
8829,4
9046,4
9155,4
9197,4
9331,4
9557,4
9699,4
9851,4
68,4
195,4
405,4
407,4
501,4
644,4
660,4
740,4
862,4
956,4
998,4
1107,4
1116,4
1212,4
1407,4
1433,4
1545,4
1566,4
1611,4
1641,4
1649,4
1656,4
1792,4
1928,4
1993,4
2216,4
2221,4
2485,4
2746,4
2777,4
3130,4
3148,4
3241,4
3292,4
3307,4
3496,4
3752,4
3970,4
3988,4
4102,4
4246,4
4267,4
4375,4
4400,4
4427,4
4432,4
4634,4
4733,4
4814,4
4895,4
4937,4
5081,4
5216,4
5297,4
5390,4
5414,4
5463,4
5477,4
5577,4
5590,4
5664,4
6437,4
6548,4
6568,4
6581,4
6714,4
6755,4
6988,4
7124,4
7176,4
7322,4
7359,4
7506,4
7636,4
7715,4
7779,4
7791,4
7831,4
7978,4
8044,4
8088,4
8135,4
8267,4
8338,4
8390,4
8510,4
8751,4
8807,4
9205,4
9278,4
9439,4
9781,4
9988,4
9995,4
36,4
43,4
134,4
169,4
399,4
474,4
480,4
661,4
728,4
799,4
1129,4
1149,4
1233,4
1355,4
1381,4
1495,4
1707,4
1763,4
1779,4
2214,4
2546,4
2552,4
2773,4
2851,4
2885,4
3072,4
3230,4
3236,4
3701,4
3747,4
3947,4
4125,4
4248,4
4297,4
4360,4
4481,4
4506,4
4605,4
4760,4
4783,4
4900,4
4962,4
4963,4
5097,4
5107,4
5164,4
5465,4
5566,4
5661,4
5754,4
5756,4
5942,4
6082,4
6112,4
6153,4
6169,4
6229,4
6341,4
6381,4
6465,4
6638,4
6683,4
6684,4
6997,4
7077,4
7251,4
7258,4
7281,4
7511,4
7556,4
7819,4
7916,4
7952,4
8021,4
8064,4
8082,4
8085,4
8313,4
8417,4
8542,4
9237,4
9445,4
9552,4
9577,4
9678,4
9824,4
9840,4
9892,4
9986,4
252,5
412,5
553,5
592,5
873,5
933,5
1097,5
1536,5
1627,5
1744,5
1796,5
1920,5
1946,5
2456,5
2473,5
2503,5
2691,5
2881,5
2924,5
2928,5
2958,5
3159,5
3359,5
3573,5
3581,5
3593,5
3619,5
3799,5
4092,5
4748,5
4750,5
4950,5
5351,5
5396,5
5518,5
5549,5
6514,5
6692,5
6830,5
6845,5
6886,5
6989,5
7013,5
7240,5
7423,5
7587,5
7962,5
8003,5
8572,5
8924,5
9124,5
9170,5
9464,5
9494,5
9608,5
9641,5
9694,5
9726,5
9898,5
61,5
150,5
154,5
203,5
235,5
328,5
619,5
797,5
833,5
951,5
981,5
1167,5
1241,5
1390,5
1474,5
1617,5
1816,5
1863,5
1966,5
2033,5
2184,5
2219,5
2347,5
2424,5
2438,5
2592,5
2716,5
2725,5
2853,5
2886,5
2908,5
2950,5
3076,5
3485,5
3532,5
3646,5
3648,5
3690,5
3797,5
3870,5
3882,5
3954,5
4077,5
4190,5
4197,5
4215,5
5025,5
5383,5
5397,5
5684,5
5757,5
5850,5
6191,5
6344,5
6750,5
6760,5
6827,5
6939,5
6943,5
6985,5
6994,5
7218,5
7306,5
7343,5
7538,5
7913,5
8242,5
8289,5
8321,5
8403,5
8518,5
8625,5
8659,5
8677,5
8697,5
8913,5
9011,5
9020,5
9086,5
9137,5
9316,5
9609,5
9656,5
9736,5
9934,5
74,5
126,5
322,5
456,5
628,5
930,5
942,5
1021,5
1299,5
1445,5
1521,5
1522,5
1751,5
1969,5
2099,5
2112,5
2483,5
2500,5
2514,5
2689,5
2719,5
2951,5
3181,5
3440,5
3558,5
3886,5
3976,5
4005,5
4076,5
4563,5
4659,5
4765,5
4896,5
4969,5
4978,5
5204,5
5211,5
5275,5
5382,5
5484,5
6065,5
6130,5
6193,5
6402,5
6477,5
6589,5
6603,5
6703,5
6869,5
6941,5
7173,5
7181,5
7232,5
7246,5
7273,5
7290,5
7293,5
7336,5
7383,5
7429,5
7994,5
8043,5
8336,5
8495,5
8621,5
8643,5
8752,5
8760,5
8772,5
8798,5
8802,5
8864,5
8945,5
9005,5
9034,5
9057,5
9079,5
9115,5
9374,5
9432,5
9510,5
9768,5
9819,5
9870,5
9933,5
9949,5
33,5
34,5
45,5
269,5
379,5
396,5
413,5
915,5
1026,5
1195,5
1235,5
1263,5
1362,5
1405,5
1469,5
1529,5
2065,5
2081,5
2152,5
2589,5
2607,5
2644,5
2880,5
2893,5
3050,5
3071,5
3103,5
3243,5
3316,5
3465,5
3666,5
3724,5
3765,5
4171,5
4526,5
4667,5
4673,5
4780,5
4837,5
4853,5
4915,5
5009,5
5054,5
5208,5
5212,5
5346,5
5634,5
5715,5
5794,5
5807,5
5902,5
5951,5
6051,5
6152,5
6240,5
6248,5
6359,5
6424,5
6823,5
6893,5
7018,5
7026,5
7091,5
7164,5
7234,5
7297,5
7335,5
7354,5
7406,5
7450,5
7782,5
7786,5
7810,5
7872,5
8441,5
8579,5
8602,5
8739,5
8817,5
8958,5
9023,5
9047,5
9100,5
9178,5
9446,5
9549,5
9767,5
9796,5
9854,5
9979,5
146,5
338,5
415,5
443,5
454,5
657,5
1001,5
1029,5
1092,5
1104,5
1131,5
1272,5
1331,5
1499,5
1565,5
1567,5
1624,5
1800,5
1856,5
1899,5
1943,5
2073,5
2102,5
2130,5
2138,5
2381,5
2432,5
2479,5
2520,5
2534,5
2545,5
2625,5
2697,5
2699,5
2704,5
3093,5
3312,5
3315,5
3444,5
3469,5
3503,5
3580,5
3591,5
3606,5
3824,5
4053,5
4144,5
4181,5
4198,5
4281,5
4436,5
4465,5
4472,5
4562,5
4868,5
4898,5
5004,5
5017,5
5184,5
5523,5
5580,5
5602,5
5965,5
6007,5
6156,5
6578,5
6630,5
6651,5
6676,5
6743,5
6751,5
6794,5
6802,5
6831,5
6964,5
6982,5
7262,5
7287,5
7498,5
7514,5
7638,5
7713,5
8114,5
8147,5
8164,5
8326,5
8401,5
8411,5
8504,5
8528,5
8954,5
9165,5
9173,5
9275,5
9507,5
9529,5
9616,5
9716,5
9727,5
9742,5
42,5
44,5
75,5
311,5
353,5
360,5
382,5
393,5
589,5
638,5
844,5
993,5
1067,5
1228,5
1791,5
1838,5
1910,5
1944,5
2140,5
2486,5
2910,5
3395,5
3652,5
3884,5
4084,5
4160,5
4223,5
4268,5
4272,5
4292,5
4308,5
4464,5
4468,5
4490,5
4602,5
4675,5
4681,5
4864,5
5247,5
5328,5
5376,5
5442,5
5453,5
5560,5
5677,5
5878,5
5899,5
5947,5
6017,5
6058,5
6307,5
6329,5
6494,5
6694,5
6708,5
6752,5
6871,5
7144,5
7253,5
7260,5
7267,5
7370,5
7412,5
7472,5
7611,5
7634,5
7656,5
7781,5
7832,5
7860,5
7879,5
7938,5
8128,5
8276,5
8305,5
8328,5
8380,5
8398,5
8427,5
8509,5
8594,5
8868,5
9054,5
9067,5
9154,5
9157,5
9276,5
9292,5
9418,5
9430,5
9670,5
9744,5
9775,5
539,5
549,5
759,5
828,5
860,5
920,5
1081,5
1269,5
1705,5
1885,5
1957,5
2035,5
2117,5
2124,5
2523,5
2578,5
2694,5
2706,5
2944,5
3255,5
3812,5
4066,5
4264,5
4377,5
4676,5
4778,5
4796,5
4807,5
4927,5
4993,5
5046,5
5142,5
5178,5
5769,5
5863,5
6094,5
6140,5
6184,5
6216,5
6300,5
6541,5
6565,5
6642,5
6645,5
6797,5
6950,5
7030,5
7131,5
7566,5
7868,5
7908,5
8048,5
8072,5
8123,5
8256,5
8320,5
8397,5
8508,5
8541,5
9038,5
9122,5
9532,5
9535,5
9621,5
9651,5
9771,5
9780,5
114,5
207,5
208,5
618,5
693,5
947,5
975,5
1196,5
1330,5
1346,5
1473,5
1583,5
1642,5
1667,5
1749,5
1866,5
1927,5
2022,5
2052,5
2555,5
2658,5
2690,5
2711,5
2919,5
3131,5
3152,5
3200,5
3211,5
3263,5
3598,5
3831,5
3899,5
4012,5
4265,5
4266,5
4310,5
4662,5
4719,5
4754,5
4834,5
5342,5
5490,5
5890,5
5905,5
6071,5
6123,5
6174,5
6213,5
6422,5
6450,5
6454,5
6591,5
6758,5
7036,5
7103,5
7197,5
7236,5
7279,5
7349,5
7384,5
7397,5
7398,5
7623,5
7723,5
8266,5
8480,5
8527,5
8742,5
8814,5
8885,5
9317,5
9452,5
9698,5
9814,5
55,5
216,5
290,5
504,5
513,5
556,5
561,5
757,5
842,5
1268,5
1587,5
1725,5
1817,5
2160,5
2220,5
2268,5
2909,5
2949,5
2997,5
3449,5
3867,5
3877,5
4045,5
4057,5
4068,5
4256,5
4269,5
4280,5
4386,5
4422,5
4573,5
4829,5
4975,5
4979,5
5012,5
5131,5
5574,5
5648,5
5670,5
5763,5
5920,5
6154,5
6293,5
6511,5
6622,5
6832,5
6835,5
6861,5
7092,5
7233,5
7728,5
7949,5
7965,5
8050,5
8066,5
8079,5
8901,5
9681,5
9833,5
9930,5
62,5
117,5
196,5
304,5
411,5
447,5
552,5
609,5
1191,5
1261,5
1349,5
1422,5
1436,5
1440,5
1561,5
1612,5
1733,5
1778,5
1973,5
2008,5
2137,5
2182,5
2435,5
2499,5
2627,5
2673,5
2714,5
2795,5
2896,5
2999,5
3013,5
3158,5
3245,5
3257,5
3262,5
3638,5
3655,5
3801,5
3832,5
3977,5
3978,5
4020,5
4187,5
4368,5
4423,5
4454,5
4582,5
4655,5
4996,5
5149,5
5333,5
5469,5
5621,5
5690,5
5694,5
5837,5
6095,5
6117,5
6125,5
6173,5
6336,5
6394,5
6449,5
6505,5
6547,5
6559,5
6836,5
6854,5
7170,5
7209,5
7238,5
7446,5
7467,5
7493,5
7522,5
7572,5
7642,5
7880,5
7896,5
8138,5
8344,5
8375,5
8456,5
8465,5
8538,5
8559,5
8584,5
8653,5
8753,5
8762,5
9434,5
9448,5
9813,5
127,5
132,5
166,5
247,5
369,5
511,5
593,5
665,5
680,5
765,5
774,5
879,5
971,5
1101,5
1466,5
1685,5
1719,5
1936,5
2173,5
2265,5
2279,5
2402,5
2502,5
2622,5
2731,5
2753,5
3202,5
3225,5
3338,5
3414,5
3478,5
3583,5
3587,5
3798,5
4055,5
4259,5
4273,5
4448,5
4453,5
4559,5
4627,5
4833,5
4994,5
5454,5
5522,5
5531,5
5776,5
6027,5
6237,5
6414,5
6536,5
6659,5
7078,5
7140,5
7225,5
7324,5
7374,5
7488,5
7705,5
7887,5
8193,5
8278,5
8869,5
8909,5
8925,5
9266,5
9341,5
9589,5
9760,5
9802,5
9959,5
50,5
60,5
105,5
140,5
190,5
262,5
384,5
451,5
468,5
732,5
875,5
936,5
1773,5
2014,5
2062,5
2264,5
2345,5
2458,5
2463,5
2517,5
2548,5
2634,5
2932,5
2981,5
3170,5
3235,5
3283,5
3346,5
3377,5
3517,5
3571,5
3611,5
4083,5
4596,5
4636,5
4684,5
4935,5
5153,5
5356,5
5561,5
5576,5
5815,5
6138,5
6155,5
6301,5
6339,5
6557,5
6932,5
7058,5
7216,5
7298,5
7325,5
7413,5
7471,5
7588,5
7591,5
7602,5
7793,5
7826,5
7869,5
7910,5
8068,5
8167,5
8484,5
8500,5
8631,5
8975,5
9104,5
9286,5
9360,5
9388,5
9451,5
9488,5
9570,5
9812,5
306,5
1002,5
1007,5
1014,5
1085,5
1265,5
1366,5
1452,5
1524,5
1579,5
1610,5
2527,5
2543,5
2599,5
2678,5
2972,5
2984,5
2989,5
3137,5
3244,5
3345,5
3428,5
3509,5
3547,5
3740,5
3959,5
4107,5
4155,5
4316,5
4491,5
4504,5
4546,5
4721,5
4982,5
5018,5
5095,5
5245,5
5369,5
5429,5
5451,5
5461,5
5595,5
5669,5
5877,5
6029,5
6582,5
6776,5
7265,5
7365,5
7476,5
7756,5
7961,5
7983,5
7989,5
8275,5
8295,5
8353,5
8366,5
8369,5
8680,5
8720,5
9051,5
9077,5
9140,5
9471,5
9926,5
20,5
70,5
88,5
243,5
418,5
460,5
499,5
503,5
534,5
626,5
824,5
1080,5
1175,5
1183,5
1267,5
1319,5
1324,5
1599,5
1626,5
2003,5
2098,5
2118,5
2174,5
2330,5
2406,5
2460,5
2510,5
2632,5
2695,5
2715,5
2772,5
2788,5
3264,5
3334,5
3403,5
3982,5
4129,5
4170,5
4255,5
4337,5
4488,5
4507,5
4519,5
5062,5
5067,5
5156,5
5322,5
5781,5
5956,5
5987,5
5997,5
6262,5
6320,5
6335,5
6387,5
6413,5
6586,5
7064,5
7439,5
7681,5
7807,5
8022,5
8257,5
8294,5
8367,5
8521,5
8560,5
8700,5
8812,5
8877,5
9017,5
9164,5
9253,5
9309,5
9332,5
9653,5
9661,5
9701,5
9865,5
9902,5
37,5
51,5
66,5
560,5
949,5
989,5
1222,5
1308,5
1462,5
1865,5
1918,5
2023,5
2521,5
3179,5
3192,5
3233,5
3674,5
4007,5
4278,5
4302,5
4521,5
4598,5
5159,5
5542,5
5544,5
5710,5
5811,5
5889,5
6109,5
6179,5
6183,5
6701,5
6795,5
6839,5
6924,5
6925,5
7180,5
7309,5
7314,5
7455,5
7578,5
8008,5
8160,5
8734,5
8956,5
8964,5
9058,5
9096,5
9269,5
9313,5
9428,5
9467,5
9583,5
9658,5
9663,5
9717,5
9770,5
9827,5
9878,5
218,6
616,6
827,6
1031,6
1489,6
1552,6
1557,6
1664,6
1708,6
2093,6
2176,6
2292,6
2506,6
2601,6
2821,6
3212,6
3693,6
3962,6
3983,6
4303,6
4357,6
4552,6
4564,6
4998,6
5520,6
5843,6
5966,6
6273,6
6698,6
6814,6
7134,6
7280,6
7519,6
7530,6
7686,6
8231,6
8287,6
8354,6
8711,6
8724,6
9145,6
9188,6
9433,6
317,6
565,6
631,6
1192,6
1242,6
1287,6
1887,6
1980,6
2068,6
2108,6
2372,6
2422,6
2848,6
3661,6
3715,6
3773,6
3902,6
3973,6
4024,6
4041,6
4065,6
4249,6
4485,6
4612,6
4749,6
5040,6
5310,6
5402,6
5427,6
5433,6
5436,6
5573,6
5819,6
5831,6
5975,6
6104,6
6311,6
6567,6
6602,6
6673,6
6813,6
7360,6
7362,6
7757,6
7844,6
7932,6
8075,6
8412,6
8444,6
8483,6
8595,6
8660,6
8894,6
8949,6
9139,6
9502,6
9648,6
9753,6
9809,6
9905,6
18,6
181,6
212,6
365,6
402,6
505,6
531,6
559,6
659,6
684,6
1647,6
1809,6
1897,6
2321,6
2448,6
2455,6
2582,6
3141,6
3584,6
3609,6
4137,6
4317,6
4449,6
4542,6
4815,6
5113,6
5137,6
5589,6
5616,6
5676,6
6024,6
6358,6
6411,6
6475,6
6705,6
6706,6
7069,6
7139,6
7172,6
7456,6
7520,6
7814,6
7904,6
8006,6
8013,6
8101,6
8110,6
8141,6
8371,6
8433,6
8536,6
8669,6
8815,6
8873,6
8978,6
9320,6
9391,6
9403,6
9477,6
9574,6
9723,6
9748,6
9798,6
9954,6
555,6
562,6
573,6
663,6
666,6
804,6
1138,6
1181,6
1189,6
1335,6
1351,6
1772,6
2186,6
2278,6
2309,6
2348,6
2461,6
2559,6
2611,6
2685,6
2707,6
2904,6
3104,6
3385,6
3415,6
3624,6
3681,6
3887,6
3912,6
4184,6
4222,6
4233,6
4282,6
4339,6
4382,6
4478,6
4946,6
5130,6
5511,6
5550,6
5735,6
5828,6
5901,6
5907,6
6037,6
6084,6
6122,6
6160,6
6261,6
6372,6
6550,6
6899,6
7159,6
7301,6
7345,6
7352,6
7645,6
8019,6
8268,6
8340,6
8511,6
8618,6
8784,6
9021,6
9073,6
9163,6
9181,6
9290,6
9636,6
9822,6
9841,6
9972,6
17,6
265,6
368,6
706,6
888,6
906,6
912,6
996,6
1146,6
1168,6
1328,6
1471,6
1531,6
1554,6
1694,6
1739,6
1824,6
1829,6
1894,6
1938,6
2087,6
2131,6
2326,6
2382,6
2490,6
2547,6
2550,6
2581,6
2614,6
2662,6
2888,6
2915,6
2918,6
3105,6
3251,6
3260,6
3539,6
3654,6
3697,6
3729,6
4040,6
4590,6
4610,6
4851,6
4870,6
5240,6
5303,6
5338,6
5693,6
5773,6
5778,6
6018,6
6093,6
6137,6
6348,6
6462,6
6563,6
6576,6
6599,6
6712,6
6918,6
7032,6
7045,6
7311,6
7372,6
7377,6
7504,6
7629,6
7695,6
7852,6
7979,6
8059,6
8146,6
8191,6
8779,6
8993,6
9231,6
9308,6
9440,6
9511,6
9531,6
9600,6
9613,6
9710,6
9762,6
9855,6
110,6
119,6
459,6
473,6
526,6
625,6
642,6
736,6
742,6
763,6
908,6
1052,6
1248,6
1304,6
1307,6
1391,6
1511,6
1692,6
1713,6
1826,6
1891,6
2120,6
2817,6
2819,6
2943,6
3110,6
3167,6
3436,6
3636,6
3703,6
3763,6
4015,6
4094,6
4132,6
4159,6
4356,6
4522,6
4539,6
4904,6
5098,6
5101,6
5167,6
5290,6
5314,6
5437,6
5840,6
6161,6
6270,6
6627,6
6867,6
6995,6
7148,6
7166,6
7510,6
7555,6
7696,6
8093,6
8179,6
8469,6
8474,6
8531,6
8551,6
8558,6
8619,6
8990,6
9175,6
9394,6
9410,6
9472,6
9528,6
9602,6
9922,6
21,6
760,6
1311,6
1340,6
1845,6
1935,6
2002,6
2356,6
2992,6
2998,6
3049,6
3903,6
4138,6
4240,6
4658,6
4704,6
4767,6
4860,6
4899,6
5306,6
5688,6
5974,6
6044,6
6096,6
6148,6
6195,6
6380,6
6428,6
6560,6
6726,6
6983,6
7586,6
7726,6
7960,6
8154,6
8165,6
8183,6
8306,6
8684,6
9003,6
9443,6
9932,6
9974,6
118,6
255,6
273,6
426,6
429,6
772,6
843,6
905,6
1005,6
1013,6
1016,6
1314,6
1479,6
1847,6
2006,6
2167,6
2205,6
2310,6
2728,6
3028,6
3319,6
3710,6
3736,6
3991,6
4063,6
4095,6
4383,6
4467,6
5091,6
5283,6
5557,6
6198,6
6242,6
6493,6
6534,6
6587,6
6611,6
6846,6
7733,6
7742,6
7763,6
7808,6
7871,6
8512,6
9148,6
9311,6
9619,6
9964,6
162,6
846,6
1199,6
1209,6
1379,6
1401,6
1406,6
1604,6
1854,6
1949,6
2196,6
2367,6
2379,6
2630,6
2862,6
3175,6
3234,6
3707,6
3850,6
4381,6
4433,6
4528,6
5330,6
5455,6
5548,6
6103,6
6241,6
6268,6
6281,6
6286,6
6674,6
6733,6
7123,6
7833,6
7935,6
8016,6
8070,6
8194,6
8335,6
8785,6
9206,6
9306,6
9348,6
9356,6
9487,6
9800,6
10,6
153,6
301,6
423,6
897,6
1049,6
1270,6
1344,6
1658,6
1752,6
1982,6
2322,6
2386,6
2513,6
2526,6
2549,6
2815,6
2845,6
2965,6
3010,6
3027,6
3039,6
3209,6
3220,6
3249,6
3285,6
3327,6
3340,6
3459,6
3718,6
3727,6
3932,6
3981,6
3989,6
4147,6
4501,6
4503,6
4603,6
4657,6
4744,6
4786,6
4914,6
4955,6
5073,6
5196,6
5401,6
5447,6
5654,6
5821,6
5858,6
5860,6
5862,6
6012,6
6016,6
6362,6
6695,6
6718,6
7016,6
7156,6
7358,6
7487,6
7561,6
7761,6
8442,6
8501,6
8646,6
8736,6
8906,6
8930,6
9123,6
9221,6
9251,6
9265,6
9268,6
9371,6
9559,6
9993,6
32,6
381,6
689,6
784,6
1354,6
1727,6
1871,6
2343,6
3005,6
3259,6
3432,6
3487,6
3535,6
3755,6
4142,6
4205,6
4726,6
4770,6
5166,6
5183,6
5217,6
5238,6
5242,6
5803,6
6176,6
6779,6
6844,6
6912,6
6986,6
7001,6
7116,6
7400,6
7678,6
8342,6
8426,6
8522,6
8526,6
8651,6
9000,6
9413,6
9520,6
9671,6
9806,6
99,6
433,6
632,6
734,6
776,6
785,6
1038,6
1256,6
1345,6
1364,6
1654,6
1784,6
1934,6
2434,6
2480,6
2570,6
2927,6
3705,6
3708,6
4450,6
4735,6
4742,6
5358,6
5578,6
5829,6
6374,6
6501,6
6558,6
6954,6
7055,6
7392,6
7403,6
7720,6
8034,6
8245,6
8297,6
8767,6
8811,6
8818,6
8872,6
8890,6
8970,6
9037,6
9190,6
9337,6
9350,6
9419,6
9657,6
9831,6
71,6
291,6
523,6
687,6
697,6
967,6
1094,6
1239,6
1728,6
1830,6
1882,6
1900,6
2764,6
3001,6
3112,6
3153,6
3168,6
3407,6
3423,6
3559,6
4021,6
4081,6
4100,6
4352,6
4408,6
4591,6
4702,6
4973,6
4987,6
5269,6
5286,6
5500,6
5660,6
5667,6
5936,6
6115,6
6488,6
7052,6
7076,6
7109,6
7576,6
7738,6
8083,6
8096,6
8670,6
8755,6
9347,6
9383,6
9431,6
9584,6
9906,6
28,6
331,6
508,6
530,6
678,6
1448,6
1508,6
1563,6
1643,6
1675,6
1849,6
2149,6
2223,6
2561,6
2688,6
2775,6
2898,6
2945,6
3185,6
3195,6
3206,6
3275,6
3313,6
3410,6
3879,6
3915,6
3955,6
4231,6
4890,6
4907,6
4913,6
4931,6
4939,6
5232,6
5266,6
5281,6
5642,6
5845,6
5849,6
6272,6
6467,6
6621,6
6663,6
7113,6
7171,6
7219,6
7382,6
7418,6
7727,6
7902,6
8341,6
8387,6
8665,6
8947,6
8972,6
9098,6
9127,6
9235,6
9702,6
9757,6
9789,6
9879,6
395,6
913,6
1036,6
1165,6
1498,6
1564,6
1711,6
2272,6
2354,6
2508,6
2832,6
2858,6
2874,6
3115,6
3124,6
3139,6
4168,6
4370,6
4425,6
4430,6
4537,6
4567,6
4823,6
5256,6
5259,6
5438,6
5582,6
6239,6
6799,6
6804,6
7054,6
7486,6
7862,6
8097,6
8131,6
8382,6
8492,6
9512,6
9518,6
9881,6
156,1
295,1
345,1
612,1
807,1
815,1
890,1
1143,1
1154,1
1216,1
1373,1
1716,1
1774,1
1979,1
2218,1
2222,1
2247,1
2385,1
2498,1
2616,1
2839,1
2948,1
3416,1
3846,1
4098,1
4236,1
4349,1
4364,1
4545,1
4619,1
4764,1
4869,1
5011,1
5079,1
5533,1
5638,1
5726,1
5731,1
5733,1
5915,1
5949,1
6030,1
6048,1
6060,1
6070,1
6373,1
6574,1
6681,1
6784,1
7028,1
7190,1
7517,1
7542,1
7547,1
7551,1
7610,1
7628,1
7699,1
7740,1
7790,1
7864,1
8011,1
8104,1
8332,1
8519,1
8582,1
8857,1
9033,1
9134,1
9300,1
9396,1
9405,1
9527,1
9543,1
9567,1
9601,1
9676,1
9707,1
9743,1
9818,1
9899,1
9928,1
176,1
185,1
324,1
434,1
766,1
769,1
1157,1
1170,1
1500,1
1710,1
1797,1
1929,1
1961,1
2000,1
2158,1
2192,1
2234,1
2507,1
2565,1
2603,1
2675,1
2866,1
2969,1
2990,1
3135,1
3429,1
3445,1
3673,1
3730,1
3817,1
3916,1
3924,1
3942,1
4052,1
4101,1
4307,1
4374,1
4391,1
4690,1
4701,1
4712,1
4795,1
4954,1
4974,1
4981,1
4988,1
5013,1
5027,1
5028,1
5092,1
5102,1
5486,1
5506,1
5620,1
5674,1
5713,1
5748,1
5765,1
5766,1
5798,1
5918,1
5971,1
6180,1
6376,1
6443,1
6561,1
6573,1
6615,1
6632,1
6646,1
6696,1
6809,1
6858,1
6859,1
6894,1
6990,1
7014,1
7034,1
7167,1
7303,1
7315,1
7393,1
7405,1
7745,1
7798,1
7907,1
7971,1
8189,1
8749,1
8756,1
8839,1
8900,1
9012,1
9179,1
9257,1
9799,1
9917,1
9931,1
95,1
98,1
125,1
170,1
219,1
308,1
320,1
325,1
516,1
892,1
941,1
952,1
982,1
1090,1
1105,1
1145,1
1159,1
1184,1
1220,1
1665,1
1683,1
1905,1
2142,1
2421,1
2428,1
2628,1
2729,1
2849,1
2882,1
3053,1
3057,1
3357,1
3396,1
3466,1
3522,1
3749,1
3849,1
4018,1
4109,1
4199,1
4214,1
4218,1
4518,1
4654,1
4777,1
4790,1
4919,1
5075,1
5218,1
5235,1
5326,1
5362,1
5368,1
5410,1
5434,1
5494,1
5503,1
5572,1
5637,1
5691,1
5717,1
5913,1
6004,1
6039,1
6113,1
6369,1
6425,1
6472,1
6483,1
6843,1
6905,1
6987,1
7083,1
7158,1
7213,1
7490,1
7657,1
8039,1
8091,1
8226,1
8284,1
8296,1
8362,1
8437,1
8451,1
8452,1
8460,1
8524,1
8563,1
8606,1
8777,1
8874,1
8936,1
8967,1
9053,1
9068,1
9105,1
9172,1
9272,1
9490,1
9597,1
9722,1
9857,1
9871,1
9955,1
9982,1
59,1
111,1
129,1
144,1
464,1
527,1
724,1
820,1
901,1
983,1
1283,1
1298,1
1507,1
1653,1
1721,1
1748,1
2026,1
2066,1
2135,1
2155,1
2270,1
2276,1
2389,1
2411,1
2426,1
2437,1
2457,1
2735,1
2867,1
2938,1
3088,1
3183,1
3293,1
3506,1
3570,1
3627,1
3751,1
3771,1
3918,1
4106,1
4254,1
4270,1
4930,1
5051,1
5143,1
5207,1
5224,1
5278,1
5422,1
5495,1
5501,1
5513,1
5559,1
5792,1
5841,1
5923,1
5960,1
6163,1
6502,1
6727,1
6754,1
6904,1
7448,1
7543,1
7600,1
7618,1
7639,1
7760,1
7842,1
7982,1
8052,1
8689,1
8694,1
8745,1
8861,1
8914,1
9121,1
9143,1
9274,1
9351,1
9441,1
9580,1
9790,1
47,1
188,1
221,1
376,1
428,1
492,1
703,1
863,1
944,1
961,1
964,1
1072,1
1179,1
1244,1
1264,1
1365,1
1400,1
1409,1
1418,1
1615,1
1671,1
1697,1
2025,1
2259,1
2477,1
2686,1
2891,1
3044,1
3089,1
3226,1
3269,1
3390,1
3447,1
3557,1
3671,1
3677,1
4049,1
4192,1
4243,1
4350,1
4390,1
4517,1
4532,1
4534,1
4614,1
4806,1
4862,1
5134,1
5152,1
5400,1
5409,1
5508,1
5649,1
5668,1
5885,1
5996,1
6035,1
6075,1
6078,1
6201,1
6368,1
6479,1
6588,1
6781,1
6933,1
7098,1
7254,1
7304,1
7337,1
7570,1
7621,1
7735,1
7884,1
7906,1
7963,1
8027,1
8202,1
8216,1
8253,1
8293,1
8421,1
8545,1
8600,1
8617,1
8662,1
8672,1
8904,1
8917,1
8939,1
8940,1
8955,1
9036,1
9087,1
9091,1
9193,1
9328,1
9362,1
9485,1
9540,1
9667,1
9776,1
9787,1
9911,1
23,1
197,1
258,1
440,1
445,1
519,1
541,1
554,1
743,1
839,1
868,1
965,1
1051,1
1120,1
1258,1
1288,1
1334,1
1359,1
1376,1
1402,1
1449,1
1513,1
1542,1
1842,1
2037,1
2122,1
2143,1
2153,1
2159,1
2203,1
2296,1
2308,1
2525,1
2604,1
2727,1
2820,1
2830,1
2952,1
2996,1
3134,1
3147,1
3602,1
3676,1
3833,1
3854,1
3961,1
4114,1
4437,1
4588,1
4665,1
4679,1
4992,1
5001,1
5019,1
5173,1
5307,1
5379,1
5456,1
5480,1
5498,1
5526,1
5558,1
5813,1
5823,1
6108,1
6158,1
6390,1
6457,1
7099,1
7114,1
7241,1
7462,1
7573,1
8020,1
8119,1
8454,1
8488,1
8754,1
8794,1
8910,1
9108,1
9156,1
9291,1
9380,1
9393,1
9631,1
9649,1
9843,1
9936,1
9944,1
26,1
425,1
738,1
798,1
958,1
1250,1
1271,1
1301,1
1309,1
1325,1
1357,1
1411,1
1490,1
1598,1
1720,1
1731,1
1756,1
1818,1
1909,1
1998,1
2083,1
2084,1
2125,1
2210,1
2360,1
2629,1
2655,1
2657,1
2755,1
2941,1
3002,1
3046,1
3443,1
3659,1
3820,1
4030,1
4224,1
4234,1
4285,1
4326,1
4455,1
4456,1
4494,1
4580,1
4746,1
4804,1
4874,1
4889,1
5086,1
5385,1
5444,1
5552,1
5603,1
5683,1
6002,1
6031,1
6119,1
6144,1
6212,1
6316,1
6323,1
6343,1
6406,1
6415,1
6423,1
6598,1
6600,1
6737,1
6770,1
6815,1
7152,1
7492,1
7809,1
7928,1
8060,1
8459,1
8464,1
8679,1
8813,1
8948,1
9026,1
9065,1
9244,1
9416,1
9484,1
9614,1
9677,1
9761,1
234,1
289,1
439,1
509,1
648,1
676,1
696,1
1118,1
1163,1
1214,1
1459,1
1646,1
1833,1
2146,1
2229,1
2459,1
2702,1
3533,1
3595,1
3629,1
3691,1
3860,1
3936,1
4116,1
4162,1
4409,1
4549,1
4688,1
4866,1
6142,1
6238,1
6284,1
6384,1
6426,1
6473,1
6498,1
6513,1
6675,1
7004,1
7048,1
7135,1
7147,1
7269,1
7401,1
7475,1
7483,1
7534,1
7574,1
7770,1
7772,1
8005,1
8507,1
8539,1
8615,1
8674,1
8746,1
8773,1
8859,1
8863,1
9030,1
9040,1
9264,1
9364,1
9376,1
9468,1
9560,1
9579,1
9759,1
9764,1
9785,1
9801,1
220,1
403,1
432,1
778,1
838,1
909,1
1025,1
1122,1
1444,1
1464,1
1666,1
2453,1
2489,1
2562,1
2970,1
3051,1
3114,1
3149,1
3210,1
3388,1
3392,1
3511,1
3520,1
3720,1
4334,1
4341,1
4469,1
4802,1
5000,1
5043,1
5405,1
5515,1
5617,1
6013,1
6034,1
6540,1
6666,1
6962,1
7286,1
7330,1
7692,1
7885,1
7920,1
8490,1
8592,1
8718,1
8801,1
8850,1
8875,1
8987,1
9072,1
9114,1
9204,1
9249,1
9632,1
9659,1
9810,1
9916,1
141,1
187,1
300,1
563,1
643,1
704,1
716,1
811,1
866,1
1044,1
1277,1
1732,1
1758,1
2039,1
2251,1
2318,1
2585,1
2676,1
2713,1
2971,1
3011,1
3222,1
3474,1
3530,1
3702,1
3945,1
4009,1
4247,1
4384,1
4461,1
4575,1
4813,1
4830,1
4880,1
5115,1
5243,1
5277,1
5355,1
5435,1
5652,1
5666,1
5812,1
5848,1
5906,1
5926,1
5939,1
5961,1
5977,1
5982,1
6009,1
6073,1
6207,1
6244,1
6412,1
6434,1
6496,1
6515,1
6516,1
6529,1
6545,1
6657,1
6800,1
6876,1
7379,1
7422,1
7526,1
7698,1
7924,1
8031,1
8033,1
8129,1
8222,1
8349,1
8440,1
8534,1
8634,1
8691,1
8696,1
8776,1
8866,1
9099,1
9171,1
9352,1
9415,1
9421,1
9436,1
9513,1
9875,1
96,1
177,1
224,1
261,1
500,1
528,1
629,1
837,1
1039,1
1043,1
1520,1
1787,1
1972,1
2208,1
2594,1
2737,1
2812,1
2865,1
2977,1
3018,1
3075,1
3094,1
3132,1
3214,1
3295,1
3968,1
3996,1
4034,1
4110,1
4195,1
4445,1
4462,1
4486,1
4650,1
4753,1
4881,1
5118,1
5384,1
5959,1
5978,1
6008,1
6036,1
6099,1
6162,1
6269,1
6604,1
6667,1
6772,1
6826,1
6882,1
6884,1
6977,1
7151,1
7193,1
7367,1
7540,1
7664,1
7853,1
7866,1
7936,1
8042,1
8065,1
8077,1
8346,1
8418,1
8470,1
8505,1
8624,1
8702,1
8883,1
8896,1
8985,1
9228,1
9318,1
9325,1
9346,1
9377,1
9411,1
9598,1
9908,1
9912,1
9962,1
101,1
128,1
204,1
281,1
441,1
640,1
791,1
1230,1
1246,1
1348,1
1570,1
1576,1
1601,1
1608,1
1639,1
1911,1
2029,1
2051,1
2538,1
2843,1
2846,1
3491,1
3643,1
3650,1
3805,1
4113,1
4286,1
4348,1
4492,1
4600,1
4680,1
4698,1
4758,1
4842,1
5213,1
5695,1
5745,1
5751,1
5832,1
5835,1
5955,1
6043,1
6210,1
6217,1
6258,1
6276,1
6283,1
6318,1
6383,1
6594,1
6841,1
6909,1
6936,1
6975,1
6980,1
7073,1
7117,1
7149,1
7341,1
7716,1
7937,1
7973,1
8000,1
8423,1
8574,1
8743,1
8816,1
8962,1
9284,1
9407,1
9569,1
9612,1
9635,1
9983,1
266,1
387,1
479,1
535,1
870,1
895,1
1194,1
1408,1
1416,1
1477,1
1650,1
1925,1
2092,1
2164,1
2299,1
2577,1
2836,1
2962,1
3090,1
3120,1
3567,1
3890,1
4174,1
4284,1
4389,1
4929,1
5023,1
5352,1
5357,1
5459,1
5630,1
6328,1
6379,1
7007,1
7033,1
7421,1
7528,1
7674,1
7739,1
7851,1
7945,1
8588,1
8729,1
9142,1
9196,1
9734,1
9751,1
9826,1
5,1
490,1
512,1
914,1
954,1
1030,1
1103,1
1126,1
1219,1
1223,1
1247,1
1541,1
1544,1
1712,1
1776,1
1789,1
1804,1
1917,1
2090,1
2213,1
2245,1
2371,1
2613,1
2618,1
2870,1
2875,1
2879,1
3036,1
3063,1
3454,1
3597,1
3607,1
3706,1
3733,1
3905,1
4059,1
4130,1
4686,1
4787,1
4792,1
4947,1
5345,1
5348,1
5393,1
5682,1
5708,1
6040,1
6215,1
6446,1
6500,1
6509,1
6612,1
6713,1
6745,1
6810,1
7046,1
7394,1
7459,1
7489,1
7640,1
7670,1
7701,1
7821,1
8041,1
8156,1
8239,1
8493,1
8496,1
8759,1
8879,1
8886,1
9106,1
9189,1
9250,1
9508,1
9640,1
9672,1
9756,1
9952,1
13,1
250,1
296,1
329,1
1009,1
1100,1
1291,1
1442,1
1757,1
1825,1
1951,1
2055,1
2106,1
2335,1
2467,1
2801,1
2937,1
3189,1
3237,1
3475,1
3893,1
4288,1
4653,1
4821,1
4848,1
4968,1
5060,1
5391,1
5392,1
6254,1
6282,1
6291,1
6391,1
6555,1
6658,1
6866,1
6888,1
7072,1
7153,1
7338,1
7440,1
7470,1
7747,1
7759,1
8409,1
8503,1
8612,1
8994,1
9029,1
9262,1
9271,1
9683,1
9703,1
9755,1
9894,1
24,7
25,7
58,7
86,7
122,7
158,7
319,7
334,7
335,7
342,7
356,7
438,7
458,7
461,7
510,7
569,7
634,7
701,7
973,7
1173,7
1182,7
1188,7
1284,7
1333,7
1460,7
1481,7
1515,7
1586,7
1593,7
1652,7
1858,7
1888,7
1924,7
2128,7
2139,7
2420,7
2441,7
2465,7
2593,7
2610,7
2650,7
2736,7
2758,7
2782,7
2901,7
3017,7
3021,7
3118,7
3154,7
3197,7
3253,7
3303,7
3305,7
3342,7
3378,7
3468,7
3525,7
3722,7
3726,7
3728,7
3826,7
3853,7
3875,7
3917,7
4164,7
4177,7
4185,7
4188,7
4300,7
4373,7
4401,7
4484,7
4581,7
4584,7
4594,7
4956,7
4970,7
5010,7
5047,7
5082,7
5262,7
5317,7
5588,7
5610,7
5722,7
5752,7
5797,7
5801,7
5818,7
5875,7
5984,7
6000,7
6028,7
6032,7
6050,7
6192,7
6302,7
6566,7
6596,7
6648,7
6756,7
6789,7
6837,7
6862,7
7019,7
7112,7
7118,7
7188,7
7189,7
7205,7
7226,7
7289,7
7319,7
7434,7
7521,7
7548,7
7863,7
7981,7
7985,7
8182,7
8269,7
8462,7
8730,7
8796,7
8805,7
8941,7
9010,7
9152,7
9429,7
9534,7
9563,7
9629,7
9647,7
9712,7
9957,7
9958,7
9973,7
138,7
193,7
200,7
251,7
271,7
283,7
284,7
372,7
378,7
419,7
469,7
472,7
524,7
545,7
597,7
622,7
655,7
711,7
717,7
896,7
925,7
940,7
960,7
1068,7
1098,7
1106,7
1208,7
1210,7
1275,7
1302,7
1404,7
1467,7
1503,7
1530,7
1540,7
1555,7
1832,7
1955,7
1968,7
1984,7
1988,7
1990,7
2082,7
2100,7
2154,7
2225,7
2271,7
2320,7
2350,7
2383,7
2399,7
2452,7
2488,7
2554,7
2566,7
2668,7
2682,7
2857,7
2884,7
2968,7
2986,7
2988,7
3003,7
3004,7
3015,7
3020,7
3037,7
3178,7
3219,7
3273,7
3330,7
3366,7
3435,7
3486,7
3616,7
3622,7
3656,7
3685,7
3742,7
3748,7
3938,7
3941,7
3990,7
4026,7
4031,7
4032,7
4080,7
4139,7
4143,7
4151,7
4340,7
4388,7
4426,7
4435,7
4443,7
4487,7
4508,7
4538,7
4620,7
4626,7
4707,7
4709,7
4838,7
4879,7
4920,7
5015,7
5144,7
5157,7
5198,7
5222,7
5296,7
5313,7
5367,7
5482,7
5608,7
5656,7
5718,7
5729,7
5772,7
5919,7
6120,7
6121,7
6131,7
6166,7
6275,7
6347,7
6353,7
6365,7
6398,7
6421,7
6452,7
6478,7
6569,7
6677,7
6717,7
6881,7
6907,7
6979,7
7106,7
7130,7
7163,7
7206,7
7263,7
7348,7
7356,7
7419,7
7457,7
7491,7
7505,7
7682,7
7812,7
7813,7
7856,7
7877,7
7942,7
7957,7
7958,7
7996,7
8047,7
8051,7
8150,7
8282,7
8303,7
8314,7
8316,7
8447,7
8491,7
8550,7
8616,7
8647,7
8673,7
8682,7
8748,7
8774,7
8781,7
8870,7
8963,7
8966,7
9045,7
9075,7
9141,7
9146,7
9224,7
9230,7
9240,7
9289,7
9293,7
9307,7
9345,7
9382,7
9590,7
9617,7
9627,7
9637,7
9693,7
9704,7
9705,7
9811,7
9927,7
9976,7
76,7
179,7
246,7
302,7
349,7
363,7
417,7
444,7
583,7
621,7
713,7
714,7
749,7
948,7
959,7
1017,7
1037,7
1056,7
1130,7
1312,7
1413,7
1546,7
1618,7
1621,7
1682,7
1760,7
1781,7
1807,7
1815,7
1881,7
1926,7
1963,7
1970,7
1971,7
1996,7
2011,7
2050,7
2063,7
2166,7
2194,7
2226,7
2281,7
2388,7
2505,7
2524,7
2540,7
2574,7
2591,7
2652,7
2660,7
2666,7
2671,7
2732,7
2740,7
2978,7
3016,7
3109,7
3157,7
3213,7
3215,7
3279,7
3296,7
3299,7
3309,7
3374,7
3421,7
3450,7
3455,7
3614,7
3647,7
3667,7
3754,7
3816,7
3851,7
3872,7
3925,7
3940,7
3951,7
4091,7
4227,7
4301,7
4362,7
4543,7
4544,7
4599,7
4630,7
4678,7
4711,7
4820,7
4828,7
5008,7
5105,7
5117,7
5129,7
5150,7
5176,7
5285,7
5430,7
5521,7
5530,7
5541,7
5607,7
5635,7
5686,7
5705,7
5734,7
5826,7
5880,7
5894,7
5932,7
5950,7
6068,7
6128,7
6134,7
6222,7
6326,7
6440,7
6538,7
6551,7
6597,7
6614,7
6641,7
6738,7
6767,7
6773,7
6788,7
6806,7
6865,7
6926,7
6930,7
6946,7
6966,7
7005,7
7006,7
7067,7
7090,7
7094,7
7120,7
7138,7
7196,7
7208,7
7248,7
7294,7
7363,7
7395,7
7451,7
7466,7
7564,7
7567,7
7617,7
7652,7
7655,7
7736,7
7775,7
7780,7
7857,7
7923,7
7950,7
7967,7
8017,7
8063,7
8113,7
8134,7
8185,7
8285,7
8288,7
8407,7
8473,7
8578,7
8630,7
8699,7
8704,7
8708,7
8775,7
8791,7
8832,7
9019,7
9050,7
9161,7
9169,7
9183,7
9227,7
9322,7
9323,7
9330,7
9339,7
9363,7
9386,7
9426,7
9447,7
9466,7
9491,7
9497,7
9714,7
9715,7
9738,7
9747,7
9825,7
9866,7
9935,7
9966,7
9984,7
16,7
22,7
48,7
56,7
165,7
222,7
248,7
275,7
448,7
455,7
457,7
551,7
669,7
677,7
708,7
730,7
856,7
1050,7
1058,7
1140,7
1185,7
1200,7
1327,7
1387,7
1463,7
1480,7
1505,7
1506,7
1534,7
1575,7
1609,7
1636,7
1695,7
1788,7
1834,7
1859,7
1904,7
2013,7
2040,7
2043,7
2114,7
2207,7
2246,7
2262,7
2286,7
2430,7
2487,7
2597,7
2609,7
2626,7
2693,7
2712,7
2809,7
3000,7
3067,7
3101,7
3119,7
3247,7
3320,7
3362,7
3523,7
3608,7
3621,7
3737,7
3776,7
3857,7
3883,7
3901,7
4176,7
4323,7
4353,7
4420,7
4571,7
4592,7
4616,7
4623,7
4666,7
4747,7
4822,7
4849,7
4852,7
4857,7
4863,7
4905,7
4909,7
4977,7
5020,7
5163,7
5279,7
5311,7
5470,7
5487,7
5505,7
5510,7
5584,7
5591,7
5736,7
5777,7
5814,7
5872,7
5882,7
5927,7
5989,7
5998,7
6083,7
6141,7
6251,7
6399,7
6539,7
6628,7
6691,7
6829,7
6833,7
6877,7
6972,7
7000,7
7012,7
7017,7
7082,7
7086,7
7095,7
7178,7
7210,7
7295,7
7331,7
7396,7
7431,7
7501,7
7502,7
7535,7
7558,7
7607,7
7635,7
7660,7
7704,7
7859,7
7959,7
8133,7
8153,7
8184,7
8227,7
8272,7
8300,7
8364,7
8400,7
8429,7
8466,7
8477,7
8583,7
8675,7
8803,7
8828,7
8830,7
8834,7
8892,7
8912,7
8918,7
8991,7
9130,7
9314,7
9392,7
9404,7
9708,7
9713,7
9793,7
9874,7
9904,7
9970,7
31,7
82,7
84,7
171,7
225,7
233,7
249,7
299,7
337,7
366,7
421,7
525,7
548,7
575,7
598,7
654,7
683,7
723,7
726,7
733,7
771,7
800,7
841,7
887,7
891,7
903,7
927,7
970,7
1034,7
1075,7
1115,7
1227,7
1294,7
1382,7
1441,7
1492,7
1519,7
1539,7
1547,7
1572,7
1584,7
1668,7
1808,7
1835,7
1872,7
1886,7
1890,7
1906,7
1930,7
1964,7
1986,7
2012,7
2101,7
2280,7
2287,7
2288,7
2358,7
2408,7
2414,7
2433,7
2450,7
2504,7
2568,7
2733,7
2780,7
2792,7
2803,7
2805,7
2844,7
2852,7
2955,7
3068,7
3122,7
3146,7
3224,7
3266,7
3267,7
3278,7
3311,7
3318,7
3382,7
3387,7
3420,7
3424,7
3430,7
3457,7
3521,7
3529,7
3536,7
3588,7
3605,7
3694,7
3713,7
3721,7
3741,7
3764,7
3779,7
3790,7
3807,7
3876,7
3891,7
3904,7
3974,7
3984,7
4033,7
4042,7
4060,7
4111,7
4115,7
4134,7
4241,7
4276,7
4287,7
4332,7
4343,7
4344,7
4414,7
4497,7
4608,7
4618,7
4633,7
4637,7
4693,7
4818,7
4826,7
4831,7
5177,7
5206,7
5288,7
5457,7
5472,7
5481,7
5489,7
5579,7
5653,7
5665,7
5679,7
5768,7
5892,7
5900,7
5914,7
5921,7
6045,7
6072,7
6090,7
6091,7
6228,7
6315,7
6338,7
6355,7
6371,7
6441,7
6497,7
6524,7
6535,7
6554,7
6728,7
6759,7
6798,7
6818,7
6825,7
6872,7
6879,7
6917,7
6920,7
7031,7
7061,7
7066,7
7080,7
7121,7
7195,7
7204,7
7432,7
7437,7
7569,7
7580,7
7637,7
7647,7
7687,7
7830,7
7878,7
7944,7
7975,7
8032,7
8035,7
8081,7
8090,7
8095,7
8100,7
8127,7
8205,7
8384,7
8410,7
8478,7
8498,7
8499,7
8516,7
8525,7
8537,7
8585,7
8664,7
8738,7
8787,7
8799,7
8849,7
8922,7
8927,7
8931,7
9008,7
9009,7
9014,7
9027,7
9035,7
9135,7
9168,7
9187,7
9192,7
9234,7
9238,7
9285,7
9361,7
9390,7
9499,7
9525,7
9545,7
9582,7
9607,7
9645,7
9725,7
9741,7
9829,7
9837,7
9863,7
9877,7
9884,7
9900,7
9913,7
9953,7
9987,7
81,7
136,7
313,7
346,7
375,7
568,7
602,7
607,7
633,7
664,7
699,7
747,7
767,7
817,7
902,7
932,7
938,7
1084,7
1091,7
1123,7
1125,7
1174,7
1193,7
1245,7
1278,7
1282,7
1347,7
1350,7
1385,7
1396,7
1435,7
1525,7
1577,7
1635,7
1681,7
1764,7
1769,7
1771,7
1811,7
1821,7
1837,7
1878,7
1880,7
1883,7
1919,7
1962,7
1994,7
2019,7
2057,7
2177,7
2191,7
2290,7
2303,7
2336,7
2339,7
2462,7
2475,7
2531,7
2544,7
2583,7
2598,7
2619,7
2648,7
2651,7
2710,7
2726,7
2738,7
2824,7
2913,7
2991,7
3041,7
3117,7
3127,7
3205,7
3221,7
3239,7
3246,7
3258,7
3317,7
3331,7
3335,7
3376,7
3381,7
3545,7
3561,7
3631,7
3660,7
3717,7
3723,7
3750,7
3766,7
3770,7
3898,7
3933,7
3965,7
3966,7
3992,7
4019,7
4044,7
4097,7
4099,7
4175,7
4186,7
4289,7
4329,7
4354,7
4385,7
4412,7
4553,7
4561,7
4730,7
4752,7
4775,7
4965,7
4989,7
4990,7
5029,7
5039,7
5042,7
5049,7
5083,7
5120,7
5172,7
5197,7
5323,7
5344,7
5373,7
5375,7
5474,7
5488,7
5565,7
5581,7
5615,7
5641,7
5707,7
5728,7
5738,7
5775,7
5809,7
5908,7
5935,7
5953,7
5954,7
5991,7
6129,7
6157,7
6186,7
6257,7
6265,7
6345,7
6410,7
6448,7
6512,7
6549,7
6634,7
6643,7
6660,7
6670,7
6729,7
6780,7
6911,7
6944,7
7021,7
7038,7
7042,7
7128,7
7247,7
7271,7
7292,7
7346,7
7515,7
7545,7
7758,7
7815,7
7883,7
7931,7
8055,7
8080,7
8112,7
8162,7
8172,7
8238,7
8347,7
8475,7
8591,7
8604,7
8626,7
8683,7
8692,7
8695,7
8698,7
8786,7
9059,7
9120,7
9210,7
9282,7
9539,7
9772,7
9862,7
9915,7
78,7
173,7
256,7
321,7
352,7
357,7
414,7
437,7
476,7
514,7
542,7
576,7
630,7
672,7
682,7
731,7
829,7
865,7
1010,7
1046,7
1062,7
1071,7
1086,7
1164,7
1205,7
1274,7
1397,7
1420,7
1518,7
1640,7
1657,7
1775,7
2126,7
2407,7
2440,7
2519,7
2556,7
2621,7
2654,7
2703,7
2842,7
3413,7
3467,7
3501,7
3546,7
3695,7
3892,7
4011,7
4112,7
4216,7
4279,7
4305,7
4320,7
4338,7
4363,7
4365,7
4404,7
4451,7
4480,7
4524,7
4557,7
4577,7
4699,7
4785,7
4916,7
4917,7
5034,7
5084,7
5093,7
5111,7
5155,7
5169,7
5175,7
5258,7
5312,7
5327,7
5381,7
5411,7
5440,7
5563,7
5592,7
5596,7
5618,7
5625,7
5657,7
5703,7
5762,7
5796,7
5873,7
5879,7
5948,7
5995,7
6167,7
6189,7
6253,7
6280,7
6309,7
6433,7
6522,7
6546,7
6633,7
6720,7
6736,7
6790,7
6807,7
6873,7
6976,7
6996,7
7002,7
7100,7
7108,7
7125,7
7268,7
7288,7
7351,7
7410,7
7442,7
7444,7
7473,7
7518,7
7532,7
7562,7
7744,7
7796,7
7811,7
7824,7
7886,7
7892,7
7933,7
7954,7
7972,7
7977,7
8007,7
8058,7
8157,7
8161,7
8237,7
8249,7
8274,7
8327,7
8351,7
8404,7
8580,7
8719,7
8916,7
9004,7
9093,7
9305,7
9475,7
9566,7
9572,7
9618,7
9633,7
9721,7
9784,7
15,7
107,7
178,7
186,7
191,7
199,7
436,7
450,7
522,7
624,7
737,7
741,7
801,7
802,7
937,7
976,7
1114,7
1148,7
1156,7
1232,7
1559,7
1726,7
1740,7
1768,7
1783,7
1843,7
1876,7
1933,7
1976,7
1997,7
2024,7
2111,7
2199,7
2244,7
2256,7
2319,7
2396,7
2535,7
2542,7
2718,7
2722,7
2752,7
2794,7
2814,7
2859,7
2860,7
2933,7
3024,7
3070,7
3108,7
3306,7
3386,7
3489,7
3514,7
3589,7
3617,7
3696,7
3714,7
4023,7
4123,7
4140,7
4165,7
4179,7
4315,7
4439,7
4499,7
4529,7
4642,7
4811,7
4819,7
4885,7
4967,7
5126,7
5140,7
5151,7
5168,7
5244,7
5295,7
5349,7
5370,7
5403,7
5483,7
5524,7
5535,7
5613,7
5868,7
5876,7
5962,7
5979,7
6357,7
6485,7
6506,7
6531,7
6542,7
6579,7
6716,7
6753,7
6834,7
6885,7
6892,7
6901,7
6935,7
6947,7
6955,7
6961,7
7237,7
7252,7
7291,7
7318,7
7342,7
7368,7
7387,7
7408,7
7441,7
7478,7
7549,7
7654,7
7666,7
7702,7
7725,7
7769,7
7841,7
8049,7
8086,7
8098,7
8102,7
8132,7
8159,7
8207,7
8240,7
8260,7
8279,7
8283,7
8315,7
8413,7
8422,7
8435,7
8567,7
8570,7
8644,7
8740,7
8842,7
8846,7
8905,7
8959,7
9002,7
9216,7
9229,7
9283,7
9315,7
9397,7
9523,7
9606,7
9630,7
9758,7
9971,7
9978,7
29,7
124,7
327,7
367,7
373,7
482,7
536,7
550,7
641,7
674,7
963,7
1022,7
1060,7
1286,7
1403,7
1443,7
1550,7
1568,7
1634,7
1651,7
1691,7
1765,7
2005,7
2078,7
2175,7
2204,7
2230,7
2384,7
2404,7
2541,7
2776,7
2834,7
2847,7
2878,7
3054,7
3169,7
3173,7
3310,7
3343,7
3348,7
3437,7
3458,7
3505,7
3716,7
3785,7
3811,7
3815,7
3866,7
3881,7
3975,7
4298,7
4372,7
4489,7
4502,7
4576,7
4625,7
4643,7
4696,7
4716,7
4893,7
5070,7
5116,7
5127,7
5180,7
5199,7
5249,7
5260,7
5270,7
5372,7
5386,7
5467,7
5509,7
5764,7
5790,7
5805,7
5891,7
5897,7
5931,7
5941,7
6089,7
6234,7
6287,7
6364,7
6370,7
6392,7
6432,7
6481,7
6610,7
6819,7
6848,7
7022,7
7039,7
7136,7
7185,7
7220,7
7334,7
7350,7
7385,7
7407,7
7464,7
7507,7
7541,7
7571,7
7721,7
7737,7
7917,7
8089,7
8130,7
8144,7
8331,7
8355,7
8370,7
8381,7
8424,7
8577,7
8678,7
8706,7
8792,7
9102,7
9129,7
9144,7
9223,7
9267,7
9301,7
9373,7
9479,7
9587,7
9624,7
9795,7
9858,7
9989,7
41,7
314,7
371,7
546,7
577,7
587,7
729,7
746,7
831,7
858,7
924,7
962,7
1000,7
1117,7
1124,7
1144,7
1206,7
1229,7
1252,7
1266,7
1323,7
1398,7
1491,7
1548,7
1620,7
1696,7
1741,7
1762,7
1793,7
1873,7
2107,7
2163,7
2190,7
2235,7
2352,7
2390,7
2409,7
2529,7
2533,7
2640,7
2656,7
2781,7
2837,7
2887,7
2926,7
2994,7
3030,7
3080,7
3136,7
3140,7
3281,7
3288,7
3321,7
3433,7
3473,7
3528,7
3544,7
3601,7
3657,7
3731,7
3735,7
3744,7
3809,7
3814,7
3828,7
3844,7
3869,7
4006,7
4039,7
4088,7
4250,7
4253,7
4260,7
4262,7
4293,7
4327,7
4392,7
4403,7
4418,7
4579,7
4694,7
4697,7
4713,7
4769,7
4771,7
4809,7
4839,7
4943,7
5089,7
5139,7
5146,7
5253,7
5271,7
5298,7
5302,7
5428,7
5540,7
5551,7
5611,7
5680,7
5681,7
5689,7
5698,7
5723,7
5740,7
5759,7
5827,7
5854,7
5855,7
5859,7
5866,7
5888,7
5970,7
5986,7
6014,7
6053,7
6066,7
6118,7
6165,7
6168,7
6182,7
6203,7
6263,7
6299,7
6322,7
6377,7
6405,7
6476,7
6495,7
6523,7
6532,7
6583,7
6640,7
6671,7
6724,7
6796,7
6849,7
6855,7
6903,7
7053,7
7101,7
7183,7
7214,7
7259,7
7300,7
7371,7
7420,7
7433,7
7559,7
7575,7
7592,7
7593,7
7613,7
7675,7
7710,7
7718,7
7785,7
7889,7
7894,7
7939,7
7990,7
8057,7
8073,7
8213,7
8298,7
8329,7
8722,7
8735,7
8761,7
8822,7
8935,7
8997,7
9001,7
9015,7
9031,7
9076,7
9182,7
9220,7
9299,7
9302,7
9385,7
9449,7
9456,7
9551,7
9592,7
9655,7
9695,7
9791,7
9807,7
9838,7
9880,7
9885,7
9939,7
9980,7
35,7
120,7
267,7
282,7
305,7
326,7
350,7
424,7
435,7
547,7
564,7
675,7
705,7
761,7
792,7
857,7
893,7
979,7
994,7
999,7
1153,7
1384,7
1388,7
1410,7
1475,7
1514,7
1532,7
1560,7
1613,7
1628,7
1632,7
1823,7
2060,7
2064,7
2147,7
2183,7
2291,7
2312,7
2323,7
2439,7
2464,7
2495,7
2659,7
2742,7
2748,7
2769,7
2920,7
2934,7
2985,7
3069,7
3087,7
3091,7
3151,7
3164,7
3182,7
3223,7
3268,7
3405,7
3406,7
3425,7
3599,7
3734,7
3795,7
3838,7
3888,7
3963,7
4016,7
4064,7
4070,7
4122,7
4157,7
4219,7
4291,7
4335,7
4358,7
4394,7
4516,7
4648,7
4700,7
4706,7
4798,7
4801,7
4972,7
5056,7
5059,7
5066,7
5280,7
5335,7
5415,7
5449,7
5466,7
5614,7
5646,7
5724,7
5922,7
5925,7
6010,7
6046,7
6074,7
6196,7
6292,7
6337,7
6427,7
6439,7
6455,7
6458,7
6520,7
6653,7
6664,7
6766,7
7326,7
7329,7
7386,7
7389,7
7435,7
7516,7
7537,7
7594,7
7643,7
7794,7
7816,7
7919,7
7999,7
8186,7
8209,7
8244,7
8250,7
8312,7
8348,7
8457,7
8597,7
8712,7
8847,7
8921,7
8923,7
9071,7
9159,7
9180,7
9218,7
9288,7
9638,7
9690,7
9794,7
69,7
161,7
294,7
374,7
614,7
725,7
783,7
812,7
1019,7
1141,7
1306,7
1316,7
1337,7
1356,7
1389,7
1392,7
1478,7
1556,7
1600,7
1614,7
1633,7
1753,7
1874,7
1879,7
2031,7
2188,7
2260,7
2263,7
2289,7
2392,7
2401,7
2484,7
2638,7
2684,7
2701,7
2750,7
2789,7
2796,7
2816,7
2850,7
2980,7
3033,7
3038,7
3074,7
3113,7
3144,7
3368,7
3370,7
3394,7
3484,7
3564,7
3633,7
3662,7
3788,7
3864,7
4121,7
4202,7
4274,7
4367,7
4442,7
4483,7
4530,7
4791,7
4824,7
4924,7
4940,7
4971,7
5048,7
5119,7
5185,7
5394,7
5416,7
5514,7
5593,7
5716,7
5830,7
5943,7
5957,7
6114,7
6139,7
6146,7
6177,7
6260,7
6288,7
6321,7
6351,7
6430,7
6460,7
6528,7
6543,7
6618,7
6715,7
6725,7
6805,7
6874,7
6998,7
7027,7
7175,7
7177,7
7184,7
7207,7
7316,7
7340,7
7524,7
7554,7
7557,7
7563,7
7598,7
7694,7
7800,7
7837,7
7838,7
7881,7
7897,7
7926,7
8200,7
8255,7
8471,7
8535,7
8546,7
8565,7
8636,7
8666,7
8726,7
8915,7
8971,7
9024,7
9044,7
9069,7
9112,7
9335,7
9378,7
9409,7
9553,7
9565,7
9568,7
9662,7
9666,7
9673,7
9685,7
4,7
148,7
211,7
333,7
388,7
406,7
420,7
484,7
645,7
727,7
821,7
847,7
1015,7
1048,7
1061,7
1215,7
1236,7
1237,7
1468,7
1607,7
1704,7
1798,7
1855,7
1889,7
2001,7
2010,7
2027,7
2044,7
2134,7
2277,7
2374,7
2375,7
2481,7
2646,7
2670,7
2672,7
2743,7
2864,7
2930,7
3009,7
3022,7
3229,7
3287,7
3328,7
3375,7
3451,7
3502,7
3549,7
3700,7
3900,7
3993,7
3995,7
4124,7
4148,7
4261,7
4290,7
4359,7
4361,7
4444,7
4555,7
4949,7
5026,7
5106,7
5123,7
5252,7
5291,7
5343,7
5601,7
5605,7
5783,7
6204,7
6246,7
6249,7
6303,7
6332,7
6466,7
6499,7
6517,7
6577,7
6624,7
6631,7
6649,7
6711,7
6731,7
6764,7
6978,7
7070,7
7097,7
7272,7
7307,7
7327,7
7344,7
7388,7
7465,7
7499,7
7626,7
7707,7
7719,7
7731,7
7762,7
7843,7
7873,7
7925,7
7970,7
8054,7
8175,7
8192,7
8265,7
8325,7
8374,7
8383,7
8455,7
8487,7
8494,7
8514,7
8549,7
8569,7
8623,7
8685,7
8819,7
8821,7
8934,7
9110,7
9194,7
9263,7
9273,7
9294,7
9400,7
9427,7
9469,7
9505,7
9509,7
9517,7
9626,7
9706,7
9750,7
9869,7
9907,7
9948,7
9951,7
52,7
109,7
152,7
274,7
279,7
293,7
312,7
359,7
397,7
540,7
582,7
606,7
608,7
762,7
864,7
880,7
939,7
980,7
1008,7
1041,7
1293,7
1321,7
1363,7
1371,7
1375,7
1551,7
1596,7
1660,7
1714,7
1735,7
1892,7
1903,7
1989,7
2061,7
2072,7
2257,7
2261,7
2269,7
2332,7
2363,7
2366,7
2431,7
2560,7
2605,7
2623,7
2624,7
2745,7
2786,7
2799,7
3035,7
3040,7
3145,7
3265,7
3282,7
3341,7
3383,7
3434,7
3512,7
3603,7
3687,7
3709,7
3711,7
3712,7
3885,7
3919,7
3950,7
3985,7
4104,7
4108,7
4126,7
4128,7
4201,7
4304,7
4398,7
4406,7
4514,7
4572,7
4604,7
4756,7
5022,7
5190,7
5220,7
5227,7
5233,7
5315,7
5439,7
5445,7
5448,7
5612,7
5655,7
5701,7
5770,7
5869,7
5893,7
6005,7
6042,7
6100,7
6126,7
6232,7
6250,7
6395,7
6451,7
6490,7
6525,7
6593,7
6656,7
6690,7
6820,7
6860,7
6890,7
6970,7
7043,7
7111,7
7119,7
7137,7
7182,7
7186,7
7191,7
7353,7
7391,7
7482,7
7509,7
7612,7
7703,7
7768,7
7787,7
7848,7
7861,7
7874,7
7912,7
7968,7
7980,7
8030,7
8181,7
8220,7
8264,7
8317,7
8414,7
8553,7
8620,7
8763,7
8938,7
8973,7
9085,7
9128,7
9177,7
9201,7
9296,7
9381,7
9450,7
9492,7
9682,7
9782,7
9803,7
9842,7
9909,7
9920,7
6,7
8,7
46,7
288,7
339,7
341,7
431,7
463,7
489,7
491,7
517,7
596,7
805,7
874,7
918,7
1078,7
1083,7
1234,7
1295,7
1297,7
1332,7
1338,7
1412,7
1415,7
1486,7
1814,7
1844,7
1846,7
1945,7
2018,7
2045,7
2132,7
2249,7
2275,7
2419,7
2537,7
2564,7
2635,7
2681,7
2721,7
2754,7
2761,7
2808,7
3077,7
3107,7
3121,7
3150,7
3188,7
3291,7
3325,7
3354,7
3426,7
3427,7
3452,7
3470,7
3492,7
3566,7
3572,7
3590,7
3625,7
3630,7
3704,7
3738,7
3772,7
3822,7
3841,7
3868,7
3910,7
3920,7
3922,7
3931,7
3937,7
3948,7
4043,7
4149,7
4210,7
4212,7
4452,7
4457,7
4531,7
4613,7
4728,7
4805,7
4897,7
4921,7
4984,7
5063,7
5114,7
5161,7
5193,7
5334,7
5404,7
5432,7
5441,7
5462,7
5570,7
5627,7
5644,7
5645,7
5721,7
5838,7
5865,7
5870,7
5937,7
6069,7
6159,7
6367,7
6533,7
6580,7
6585,7
6605,7
6607,7
6623,7
6647,7
6792,7
7011,7
7145,7
7174,7
7179,7
7198,7
7245,7
7264,7
7376,7
7458,7
7477,7
7712,7
7766,7
7767,7
7788,7
7835,7
7840,7
7855,7
8076,7
8299,7
8339,7
8356,7
8357,7
8607,7
8713,7
8848,7
8980,7
9063,7
9158,7
9242,7
9324,7
9402,7
9474,7
9500,7
9642,7
9680,7
9765,7
9836,7
9914,7
394,8
1747,8
1795,8
1822,8
2015,8
3620,8
3787,8
4072,8
4505,8
4551,8
4850,8
4953,8
5003,8
5071,8
5761,8
5834,8
5910,8
6325,8
6592,8
7609,8
7672,8
8122,8
8168,8
8649,8
155,8
496,8
604,8
795,8
1276,8
1285,8
1305,8
1494,8
1702,8
3056,8
3085,8
3163,8
3827,8
3987,8
4085,8
4380,8
4458,8
4568,8
4631,8
4635,8
4906,8
5158,8
5413,8
5839,8
6038,8
6049,8
6061,8
6205,8
7009,8
7230,8
7261,8
7795,8
7804,8
7909,8
8040,8
8593,8
8771,8
8826,8
9007,8
9092,8
9107,8
9519,8
9576,8
9737,8
9828,8
9876,8
39,8
67,8
214,8
786,8
1099,8
1150,8
1303,8
1592,8
1631,8
2150,8
2162,8
2168,8
2471,8
2916,8
3204,8
3369,8
3586,8
4086,8
4093,8
4336,8
4440,8
4773,8
4873,8
4887,8
5100,8
5687,8
5784,8
6052,8
6375,8
6447,8
6544,8
6919,8
6957,8
7010,8
7369,8
7375,8
7454,8
7922,8
7929,8
8108,8
8210,8
8337,8
8373,8
8599,8
8827,8
9150,8
9186,8
9303,8
9304,8
9399,8
9675,8
9745,8
9821,8
263,8
351,8
494,8
544,8
620,8
987,8
1151,8
1221,8
1251,8
1439,8
1573,8
1780,8
1805,8
3271,8
3300,8
3352,8
3453,8
3481,8
3604,8
3782,8
3856,8
3957,8
4038,8
4355,8
4774,8
4936,8
5052,8
5147,8
5264,8
5305,8
5600,8
5808,8
6062,8
6438,8
6652,8
6953,8
7676,8
7755,8
8281,8
8641,8
8780,8
8953,8
9209,8
9212,8
9700,8
30,8
189,8
215,8
237,8
240,8
502,8
1326,8
1446,8
1528,8
1869,8
2030,8
2227,8
2240,8
2515,8
2798,8
3326,8
3554,8
3592,8
3897,8
4025,8
4178,8
4209,8
4257,8
4387,8
4471,8
4597,8
4867,8
5032,8
5182,8
5251,8
5294,8
5325,8
5359,8
5597,8
6067,8
6116,8
6570,8
6644,8
6898,8
7127,8
7596,8
7789,8
7792,8
7818,8
7836,8
8115,8
8368,8
8419,8
8557,8
8789,8
8897,8
8919,8
9174,8
9321,8
9420,8
9544,8
9593,8
106,8
137,8
309,8
753,8
876,8
1169,8
1296,8
1428,8
1672,8
2267,8
2283,8
2361,8
2876,8
3442,8
3463,8
3759,8
3880,8
3894,8
3969,8
4173,8
4191,8
4299,8
4883,8
5195,8
5421,8
5536,8
5555,8
5725,8
6019,8
6135,8
6289,8
6393,8
6650,8
6730,8
6771,8
6852,8
6887,8
6981,8
7625,8
7773,8
7834,8
8023,8
8246,8
8277,8
8548,8
9460,8
9541,8
9752,8
9773,8
623,8
869,8
1201,8
1895,8
2427,8
2698,8
2911,8
3172,8
3361,8
3408,8
4533,8
4782,8
4825,8
4995,8
5354,8
6015,8
6219,8
6928,8
7568,8
7581,8
7743,8
7930,8
7956,8
8408,8
8844,8
8867,8
9022,8
9118,8
9184,8
9769,8
9910,8
87,8
139,8
521,8
529,8
688,8
718,8
721,8
745,8
910,8
1240,8
1426,8
1450,8
2365,8
2569,8
2579,8
2608,8
3464,8
3488,8
3594,8
4535,8
5068,8
5632,8
5853,8
5963,8
6185,8
6786,8
6984,8
7057,8
7228,8
7523,8
8436,8
8633,8
9103,8
9470,8
9669,8
9696,8
1011,8
1224,8
1254,8
1374,8
2536,8
2856,8
3336,8
3692,8
3935,8
4047,8
4705,8
5090,8
5341,8
5864,8
5993,8
6133,8
6635,8
6991,8
7235,8
7276,8
7328,8
7693,8
8078,8
8350,8
9225,8
9297,8
9344,8
9625,8
9864,8
9960,8
9998,8
12,8
149,8
471,8
768,8
809,8
814,8
899,8
1054,8
1155,8
1342,8
1645,8
1700,8
1706,8
1948,8
1985,8
2161,8
2443,8
2811,8
2861,8
3290,8
3360,8
3364,8
3471,8
3699,8
4153,8
4295,8
4330,8
4912,8
5021,8
5471,8
5820,8
5824,8
5952,8
6076,8
6330,8
6824,8
7577,8
7754,8
7899,8
8018,8
8547,8
8942,8
9043,8
9211,8
9423,8
9937,8
92,8
383,8
401,8
1142,8
1454,8
1724,8
1877,8
2077,8
2193,8
2317,8
2600,8
2813,8
3349,8
3350,8
3419,8
3906,8
4004,8
4540,8
4607,8
4846,8
4960,8
5479,8
5564,8
5699,8
5911,8
5940,8
6333,8
7417,8
7428,8
7443,8
7503,8
7858,8
8206,8
8622,8
8668,8
8747,8
8979,8
9070,8
9370,8
9521,8
9599,8
9686,8
9977,8
54,8
192,8
217,8
239,8
943,8
1057,8
1438,8
1670,8
1893,8
1965,8
2021,8
2070,8
2088,8
2228,8
2349,8
2833,8
3014,8
3645,8
4325,8
5360,8
5606,8
6388,8
6765,8
6842,8
7414,8
7525,8
7948,8
8045,8
8391,8
8394,8
8472,8
8810,8
9246,8
9342,8
9501,8
9561,8
9591,8
112,8
213,8
223,8
487,8
850,8
1455,8
1851,8
2086,8
2236,8
2868,8
3337,8
3398,8
3498,8
3678,8
3943,8
4306,8
4668,8
5896,8
6003,8
6324,8
7165,8
7169,8
7339,8
7484,8
7846,8
8232,8
8667,8
8908,8
9056,8
9387,8
9903,8
9,8
168,8
377,8
570,8
586,8
953,8
1128,8
1588,8
1777,8
1850,8
2400,8
2403,8
2873,8
3980,8
4601,8
4682,8
5407,8
6274,8
6385,8
6459,8
7065,8
7088,8
7200,8
7310,8
7969,8
8211,8
8311,8
8710,8
8986,8
9195,8
9401,8
9887,8
277,8
1687,8
1742,8
1995,8
2206,8
2960,8
3379,8
3538,8
4366,8
4369,8
5112,8
5985,8
6056,8
6178,8
6304,8
7023,8
7044,8
7890,8
8258,8
8843,8
9125,8
9219,8
9340,8
9763,8
9975,8
89,3
232,3
692,3
845,3
1018,3
1089,3
2121,3
2380,3
2642,3
2774,3
3482,3
3640,3
3672,3
3792,3
4013,3
4090,3
4206,3
4238,3
4755,3
5332,3
6456,3
6491,3
6665,3
7274,3
7776,3
7984,3
8204,3
8228,3
8234,3
8540,3
8701,3
8888,3
9538,3
9588,3
209,3
430,3
558,3
977,3
1082,3
1109,3
1437,3
1896,3
2110,3
2353,3
2357,3
2829,3
2979,3
3133,3
3531,3
3568,3
3642,3
3796,3
4271,3
4413,3
4628,3
4649,3
4671,3
4808,3
4882,3
4891,3
4966,3
5121,3
5181,3
5347,3
5785,3
6111,3
6689,3
7150,3
7481,3
8261,3
8322,3
8399,3
8725,3
8741,3
9270,3
9334,3
9359,3
9384,3
9406,3
9459,3
9547,3
9610,3
9639,3
9924,3
9961,3
115,3
285,3
884,3
900,3
934,3
957,3
969,3
984,3
1197,3
1238,3
1427,3
2009,3
2423,3
2447,3
2466,3
2494,3
3006,3
3156,3
3596,3
4258,3
4294,3
4520,3
4574,3
4718,3
4757,3
5968,3
5988,3
6181,3
6235,3
6356,3
6418,3
6639,3
7093,3
7143,3
7215,3
7296,3
7688,3
8173,3
8376,3
8764,3
9280,3
9498,3
9514,3
9783,3
292,3
303,3
507,3
538,3
639,3
859,3
1133,3
1484,3
1606,3
1907,3
2133,3
2664,3
2894,3
2895,3
2914,3
2922,3
3125,3
3227,3
3252,3
3551,3
3804,3
3855,3
4213,3
4428,3
4593,3
4646,3
4661,3
4741,3
4784,3
5788,3
6086,3
6312,3
6482,3
6723,3
6956,3
6967,3
7533,3
8137,3
8343,3
8443,3
8655,3
8661,3
8732,3
8744,3
8982,3
9207,3
9338,3
9861,3
142,3
160,3
585,3
679,3
789,3
796,3
825,3
898,3
1055,3
1180,3
1358,3
1360,3
1625,3
1978,3
2074,3
2539,3
2572,3
2615,3
2787,3
2828,3
2840,3
3126,3
3128,3
3578,3
4816,3
4877,3
4976,3
5016,3
5274,3
5426,3
5543,3
5636,3
5810,3
5844,3
6231,3
6762,3
7075,3
7142,3
7154,3
7231,3
8107,3
8118,3
8196,3
8199,3
8208,3
8530,3
8608,3
8833,3
8996,3
9222,3
9504,3
9596,3
9644,3
116,3
202,3
227,3
532,3
686,3
735,3
748,3
1074,3
1231,3
1553,3
2224,3
2416,3
2818,3
3438,3
4048,3
4118,3
5064,3
5254,3
5450,3
5697,3
6102,3
6297,3
6352,3
6739,3
7024,3
7722,3
8149,3
8187,3
8520,3
8737,3
8838,3
9013,3
9486,3
9823,3
63,3
259,3
533,3
599,3
667,3
779,3
834,3
849,3
1217,3
1353,3
1395,3
1527,3
1806,3
2020,3
2305,3
2315,3
2571,3
2974,3
3043,3
3045,3
3577,3
3791,3
3972,3
4000,3
4237,3
4318,3
4441,3
4645,3
4745,3
5058,3
5203,3
6808,3
7539,3
7583,3
7845,3
8025,3
8218,3
8448,3
8576,3
8632,3
8654,3
8721,3
9132,3
9217,3
9835,3
9853,3
272,3
343,3
978,3
1076,3
1987,3
2097,3
2446,3
2573,3
2744,3
2912,3
2923,3
3048,3
3308,3
3401,3
3404,3
3417,3
3494,3
3632,3
3665,3
3777,3
4166,3
4207,3
4319,3
4479,3
4656,3
4841,3
4910,3
5024,3
5035,3
5331,3
5628,3
5760,3
5800,3
6041,3
6360,3
6785,3
7025,3
7063,3
7619,3
7661,3
7829,3
8061,3
8074,3
8280,3
8395,3
9061,3
9119,3
9279,3
9461,3
9581,3
9585,3
700,3
1243,3
1290,3
1465,3
1750,3
1857,3
2076,3
2105,3
2179,3
2445,3
2669,3
3086,3
3556,3
4087,3
4152,3
4328,3
4395,3
4556,3
4677,3
4948,3
4999,3
5529,3
5787,3
6200,3
6225,3
6252,3
6403,3
6564,3
6735,3
8036,3
8117,3
8318,3
8687,3
8716,3
8717,3
9425,3
9730,3
483,3
595,3
649,3
712,3
886,3
1589,3
2047,3
2333,3
2756,3
3493,3
3576,3
3784,3
3934,3
4200,3
4424,3
4894,3
4926,3
5132,3
5337,3
5994,3
6085,3
6431,3
6744,3
6949,3
6958,3
7255,3
7531,3
7671,3
7997,3
8319,3
9055,3
9064,3
9354,3
9454,3
9480,3
9550,3
9594,3
9620,3
9797,3
9817,3
9891,3
330,3
773,3
1255,3
1329,3
1339,3
1502,3
1688,3
1908,3
2313,3
2973,3
3196,3
4312,3
4493,3
4621,3
4836,3
4861,3
4942,3
4961,3
5088,3
5519,3
5527,3
5554,3
6317,3
6749,3
7277,3
7734,3
7797,3
8046,3
8121,3
8502,3
8575,3
9191,3
9358,3
9562,3
9815,3
610,3
668,3
1852,3
2185,3
2338,3
2501,3
3344,3
3644,3
3889,3
4548,3
4595,3
4715,3
4761,3
5014,3
5225,3
5236,3
5284,3
5847,3
6172,3
6296,3
6700,3
7589,3
7597,3
8198,3
8352,3
8571,3
8705,3
9018,3
9398,3
9997,3
364,3
467,3
775,3
968,3
1040,3
1259,3
1336,3
1915,3
2667,3
3129,3
3194,3
3199,3
3793,3
3835,3
4182,3
4275,3
4322,3
4558,3
5774,3
5795,3
7764,3
8029,3
8212,3
8506,3
8613,3
8627,3
8806,3
9151,3
9882,3
637,3
822,3
1690,3
2038,3
2687,3
2709,3
2890,3
3026,3
4146,3
4722,3
4723,3
4911,3
5215,3
6429,3
6606,3
6775,3
6821,3
6940,3
7059,3
8262,3
8977,3
9214,3
9578,3
9586,3
9603,3
9724,3
651,3
1913,3
1923,3
2058,3
2113,3
2202,3
2492,3
2586,3
3184,3
3272,3
4194,3
4473,3
5186,3
5188,3
6110,3
7801,3
8158,3
8656,3
9111,3
9873,3
206,2
245,2
310,2
361,2
390,2
404,2
427,2
571,2
709,2
787,2
830,2
853,2
1262,2
1701,2
1802,2
2071,2
2119,2
2327,2
2334,2
2337,2
2346,2
2378,2
2387,2
2516,2
2692,2
2739,2
2791,2
2793,2
2841,2
3061,2
3073,2
3078,2
3367,2
3409,2
3565,2
3663,2
3839,2
3861,2
4017,2
4046,2
4071,2
4509,2
4566,2
4632,2
4660,2
4835,2
5074,2
5194,2
5287,2
5308,2
5419,2
5598,2
5659,2
5706,2
5767,2
5883,2
5928,2
6145,2
6211,2
6409,2
6435,2
6608,2
6973,2
7003,2
7192,2
7312,2
7512,2
7774,2
7921,2
8024,2
8174,2
8529,2
8893,2
8911,2
8929,2
9048,2
9327,2
9422,2
9462,2
9573,2
9654,2
9965,2
7,2
159,2
298,2
318,2
336,2
662,2
803,2
848,2
1024,2
1147,2
1152,2
1368,2
1423,2
1487,2
1591,2
1659,2
1662,2
1689,2
1820,2
2007,2
2049,2
2096,2
2170,2
2300,2
2468,2
2683,2
2700,2
3032,2
3065,2
3198,2
3302,2
3329,2
3389,2
3507,2
3555,2
3618,2
3842,2
4001,2
4008,2
4189,2
4251,2
4393,2
4606,2
4641,2
4695,2
4736,2
4759,2
4827,2
4925,2
4938,2
4944,2
5007,2
5041,2
5099,2
5179,2
5191,2
5231,2
5304,2
5446,2
5492,2
5528,2
5575,2
5685,2
5825,2
5909,2
5912,2
6059,2
6143,2
6197,2
6285,2
6334,2
6396,2
6453,2
6510,2
6654,2
6688,2
6707,2
6740,2
6741,2
6768,2
6822,2
6838,2
6840,2
6906,2
6913,2
7250,2
7321,2
7825,2
7927,2
7953,2
8038,2
8111,2
8120,2
8171,2
8345,2
8360,2
8415,2
8467,2
8562,2
8598,2
8650,2
8823,2
8858,2
8933,2
8965,2
8968,2
9081,2
9083,2
9239,2
9367,2
9369,2
9615,2
9665,2
9668,2
9719,2
9746,2
9890,2
9991,2
226,2
323,2
370,2
611,2
646,2
715,2
751,2
770,2
986,2
1127,2
1207,2
1543,2
1582,2
1786,2
1853,2
1967,2
2032,2
2046,2
2136,2
2342,2
2376,2
2444,2
2530,2
2590,2
2723,2
2730,2
2907,2
2957,2
3008,2
3165,2
3651,2
3658,2
3775,2
3794,2
3825,2
3997,2
3998,2
4027,2
4061,2
4120,2
4230,2
4812,2
4845,2
4856,2
4983,2
5077,2
5087,2
5230,2
5309,2
5406,2
5420,2
5556,2
5799,2
5946,2
6001,2
6081,2
6098,2
6105,2
6354,2
6363,2
6521,2
6537,2
6584,2
7020,2
7224,2
7332,2
7333,2
7347,2
7402,2
7536,2
7667,2
7690,2
7708,2
7749,2
7765,2
7875,2
7966,2
8092,2
8446,2
8733,2
8835,2
8943,2
8961,2
8969,2
9080,2
9090,2
9200,2
9233,2
9247,2
9258,2
9478,2
9503,2
9542,2
9575,2
9689,2
9888,2
9923,2
9969,2
231,2
449,2
485,2
566,2
921,2
946,2
1111,2
1218,2
1372,2
1394,2
1451,2
1458,2
1571,2
1574,2
1590,2
1648,2
1678,2
1709,2
1770,2
1861,2
1931,2
1947,2
2148,2
2151,2
2178,2
2197,2
2231,2
2273,2
2417,2
2905,2
2931,2
3058,2
3106,2
3116,2
3142,2
3166,2
3207,2
3380,2
3504,2
3600,2
3778,2
3803,2
4036,2
4037,2
4119,2
4221,2
4235,2
4252,2
4378,2
4460,2
4570,2
4587,2
4788,2
4858,2
4958,2
5202,2
5412,2
5672,2
5702,2
5780,2
5793,2
5871,2
5874,2
5929,2
6033,2
6147,2
6187,2
6223,2
6266,2
6305,2
6397,2
6445,2
6526,2
6617,2
6620,2
6680,2
6704,2
6868,2
7110,2
7168,2
7266,2
7299,2
7415,2
7479,2
7497,2
7606,2
7951,2
8037,2
8062,2
8106,2
8197,2
8224,2
8252,2
8304,2
8393,2
8416,2
8463,2
8596,2
8795,2
8836,2
8855,2
8899,2
8920,2
8932,2
8984,2
9226,2
9476,2
9546,2
9856,2
9860,2
9929,2
9985,2
9992,2
230,2
270,2
297,2
340,2
470,2
488,2
493,2
722,2
788,2
916,2
991,2
1053,2
1064,2
1112,2
1119,2
1121,2
1132,2
1139,2
1213,2
1281,2
1289,2
1352,2
1447,2
1497,2
1597,2
1736,2
1813,2
1827,2
1839,2
1875,2
1884,2
1937,2
1999,2
2129,2
2169,2
2237,2
2250,2
2304,2
2316,2
2528,2
2653,2
2665,2
2680,2
2696,2
2800,2
2897,2
3047,2
3240,2
3294,2
3537,2
3540,2
3679,2
3786,2
3818,2
4103,2
4127,2
4163,2
4226,2
4263,2
4331,2
4447,2
4586,2
4644,2
4647,2
4670,2
4781,2
4817,2
4923,2
4933,2
4941,2
4957,2
5223,2
5237,2
5263,2
5371,2
5443,2
5475,2
5485,2
5538,2
5545,2
5599,2
5609,2
5626,2
5771,2
5846,2
5881,2
5958,2
6063,2
6064,2
6220,2
6419,2
6626,2
6672,2
6682,2
6710,2
6761,2
6897,2
6910,2
7049,2
7060,2
7074,2
7115,2
7133,2
7222,2
7313,2
7380,2
7411,2
7494,2
7553,2
7783,2
7882,2
8087,2
8099,2
8235,2
8359,2
8396,2
8431,2
8476,2
8533,2
8564,2
8845,2
9084,2
9136,2
9160,2
9236,2
9493,2
9522,2
9728,2
9754,2
9830,2
64,2
174,2
702,2
764,2
966,2
1211,2
1369,2
1533,2
1819,2
1870,2
2041,2
2085,2
2171,2
2180,2
2284,2
2415,2
2442,2
2551,2
2575,2
2606,2
2797,2
2900,2
3155,2
3216,2
3217,2
3347,2
3553,2
3575,2
3664,2
3698,2
3836,2
3956,2
4082,2
4245,2
4277,2
4578,2
4585,2
4589,2
4793,2
4797,2
4888,2
5036,2
5162,2
5189,2
5257,2
5261,2
5365,2
5452,2
5517,2
5623,2
5663,2
5746,2
5779,2
5806,2
5851,2
5916,2
5938,2
6011,2
6097,2
6106,2
6107,2
6150,2
6221,2
6527,2
6601,2
6850,2
6921,2
7015,2
7155,2
7199,2
7239,2
7424,2
7445,2
7452,2
7508,2
7560,2
7605,2
7649,2
7689,2
7803,2
7867,2
7870,2
7898,2
7940,2
8124,2
8151,2
8302,2
8428,2
8468,2
8635,2
8871,2
8981,2
9062,2
9167,2
9208,2
9438,2
9634,2
9692,2
9849,2
9886,2
9941,2
72,2
104,2
108,2
151,2
392,2
590,2
600,2
603,2
652,2
671,2
883,2
985,2
1077,2
1108,2
1166,2
1171,2
1280,2
1432,2
1585,2
1730,2
1790,2
1831,2
1914,2
1960,2
1992,2
2298,2
2511,2
2518,2
2587,2
2783,2
2871,2
2889,2
2967,2
2982,2
3012,2
3019,2
3059,2
3176,2
3248,2
3297,2
3495,2
3639,2
3739,2
3783,2
3840,2
4217,2
4397,2
4734,2
4832,2
4840,2
4865,2
5033,2
5125,2
5229,2
5289,2
5353,2
5499,2
5967,2
6006,2
6054,2
6267,2
6503,2
6504,2
6508,2
6803,2
6857,2
6927,2
6968,2
6969,2
7096,2
7126,2
7223,2
7227,2
7244,2
7390,2
7847,2
7903,2
7987,2
7992,2
8243,2
8392,2
8420,2
8603,2
8605,2
8676,2
8690,2
9060,2
9176,2
9731,2
9921,2
9925,2
9946,2
65,2
83,2
228,2
385,2
416,2
578,2
584,2
650,2
681,2
926,2
990,2
1004,2
1095,2
1102,2
1310,2
1434,2
1516,2
1674,2
1717,2
1723,2
1902,2
2094,2
2127,2
2254,2
2355,2
2806,2
2823,2
2906,2
2983,2
3203,2
3323,2
3497,2
3524,2
3641,2
3757,2
3800,2
3837,2
3852,2
3874,2
3913,2
4022,2
4035,2
4062,2
4069,2
4431,2
4550,2
4560,2
4611,2
4762,2
4886,2
5065,2
5076,2
5108,2
5395,2
5567,2
5586,2
5631,2
5671,2
5711,2
5804,2
5981,2
6101,2
6255,2
6678,2
6769,2
6875,2
6931,2
7565,2
7579,2
7601,2
7632,2
7820,2
7934,2
7946,2
7955,2
8291,2
8292,2
8308,2
8334,2
8388,2
8513,2
8853,2
8862,2
8952,2
8976,2
9025,2
9215,2
9252,2
9343,2
9444,2
9739,2
9808,2
198,2
316,2
348,2
506,2
690,2
1070,2
1113,2
1158,2
1161,2
1378,2
1380,2
1722,2
1898,2
1901,2
2059,2
2189,2
2201,2
2253,2
2398,2
2595,2
2661,2
2921,2
2942,2
2947,2
3441,2
3907,2
3929,2
4051,2
4225,2
4429,2
4669,2
4738,2
4740,2
4768,2
4928,2
5128,2
5174,2
5248,2
5321,2
5329,2
5418,2
5423,2
5583,2
5802,2
5973,2
6047,2
6277,2
6295,2
6361,2
6416,2
6420,2
6489,2
6552,2
6709,2
6951,2
6963,2
7029,2
7040,2
7355,2
7730,2
8229,2
8461,2
8497,2
8587,2
8808,2
9489,2
9516,2
9697,2
9709,2
9788,2
9945,2
9968,2
121,2
164,2
180,2
257,2
276,2
465,2
567,2
707,2
720,2
922,2
950,2
1393,2
1453,2
1483,2
1504,2
1510,2
1538,2
1676,2
1766,2
1812,2
1912,2
1959,2
2067,2
2104,2
2238,2
2329,2
2397,2
2405,2
2410,2
2413,2
2482,2
2620,2
2751,2
2784,2
2838,2
2863,2
3025,2
3042,2
3095,2
3552,2
3610,2
3732,2
3789,2
3806,2
3944,2
4054,2
4172,2
4324,2
4342,2
4407,2
4639,2
4652,2
4663,2
4691,2
4878,2
4884,2
5145,2
5239,2
5300,2
5658,2
5789,2
5833,2
5884,2
5945,2
5990,2
6259,2
6264,2
6314,2
6492,2
6575,2
6669,2
6722,2
6774,2
6942,2
7035,2
7051,2
7084,2
7132,2
7323,2
7357,2
7485,2
7630,2
7677,2
7691,2
7799,2
7895,2
7900,2
7986,2
8015,2
8126,2
8251,2
8330,2
8430,2
8453,2
8589,2
8642,2
8714,2
8765,2
8778,2
8928,2
8937,2
9041,2
9138,2
9349,2
9732,2
9897,2
9901,2
9996,2
497,2
755,2
780,2
806,2
823,2
878,2
945,2
1300,2
1383,2
1493,2
1679,2
1715,2
1921,2
2004,2
2079,2
2212,2
2362,2
2637,2
2705,2
2708,2
2807,2
2964,2
3160,2
3208,2
3274,2
3284,2
3393,2
3397,2
3411,2
3808,2
3946,2
3953,2
4466,2
4609,2
4692,2
4901,2
4934,2
4997,2
5002,2
5006,2
5293,2
5478,2
5604,2
5747,2
5786,2
6171,2
6190,2
6298,2
6629,2
6721,2
6777,2
6801,2
6902,2
6960,2
7202,2
7221,2
7242,2
7366,2
7430,2
7627,2
7823,2
7850,2
7893,2
7914,2
7964,2
8012,2
8125,2
8217,2
8233,2
8895,2
9097,2
9203,2
9254,2
9412,2
9548,2
9604,2
9646,2
9664,2
9735,2
9852,2
9895,2
0,2
11,2
38,2
143,2
244,2
557,2
935,2
1367,2
1569,2
1644,2
1761,2
1767,2
1810,2
1841,2
1954,2
2016,2
2200,2
2255,2
2306,2
2341,2
2451,2
2576,2
2717,2
2749,2
2936,2
2959,2
3096,2
3353,2
3499,2
3515,2
3562,2
3569,2
3848,2
3926,2
3967,2
4158,2
4296,2
4410,2
4500,2
4629,2
4717,2
4803,2
4810,2
4844,2
4922,2
5103,2
5110,2
5135,2
5170,2
5268,2
5497,2
5622,2
5782,2
6077,2
6208,2
6401,2
6417,2
6748,2
6787,2
6811,2
6945,2
7037,2
7404,2
7828,2
7905,2
8002,2
8071,2
8247,2
8307,2
8543,2
8609,2
8638,2
8639,2
8645,2
8782,2
8797,2
8856,2
8860,2
9088,2
9162,2
9241,2
9333,2
9463,2
9465,2
9506,2
9847,2
9919,2
27,2
315,2
475,2
518,2
579,2
694,2
917,2
1526,2
1629,2
1677,2
1680,2
1860,2
2123,2
2232,2
2474,2
2558,2
2810,2
2877,2
2966,2
3060,2
3092,2
3324,2
3399,2
3439,2
3461,2
3479,2
3613,2
3960,2
4136,2
4498,2
4674,2
4843,2
5094,2
5493,2
5562,2
5696,2
5712,2
5743,2
5750,2
5822,2
6022,2
6279,2
6294,2
6389,2
6471,2
6572,2
6590,2
6686,2
6816,2
7187,2
7270,2
7438,2
7460,2
7620,2
7683,2
7717,2
7911,2
7988,2
7995,2
8103,2
8136,2
8515,2
8555,2
8809,2
8831,2
9126,2
9202,2
9365,2
9408,2
9473,2
9605,2
9832,2
9963,2
9999,2
3,2
49,2
77,2
131,2
236,2
520,2
695,2
698,2
911,2
931,2
974,2
1027,2
1260,2
1273,2
1461,2
1517,2
1535,2
1578,2
1655,2
1663,2
1686,2
1737,2
1867,2
1958,2
1981,2
2145,2
2156,2
2302,2
2391,2
2476,2
2512,2
2522,2
2557,2
2602,2
2677,2
2917,2
3007,2
3201,2
3363,2
3669,2
3683,2
3725,2
3769,2
3780,2
3781,2
3829,2
3845,2
3930,2
4058,2
4154,2
4211,2
4244,2
4346,2
4347,2
4371,2
4415,2
4474,2
4476,2
4527,2
4565,2
4615,2
4640,2
4727,2
5005,2
5045,2
5055,2
5109,2
5133,2
5205,2
5210,2
5273,2
5378,2
5464,2
5547,2
5647,2
5969,2
6023,2
6087,2
6164,2
6230,2
6378,2
6407,2
6442,2
6637,2
6693,2
6732,2
6734,2
6900,2
6948,2
7105,2
7243,2
7257,2
7283,2
7474,2
7753,2
8001,2
8009,2
8163,2
8248,2
8458,2
8544,2
8556,2
8723,2
8800,2
8804,2
8950,2
9319,2
9379,2
9482,2
9718,2
9804,2
9867,2
9947,2
73,2
80,2
91,2
133,2
135,2
184,2
442,2
581,2
636,2
894,2
929,2
972,2
1087,2
1137,2
1370,2
1602,2
1718,2
2042,2
2075,2
2103,2
2239,2
2328,2
2393,2
2491,2
2854,2
2963,2
3062,2
3187,2
3190,2
3270,2
3356,2
3422,2
3519,2
3548,2
3626,2
3634,2
3688,2
3802,2
4067,2
4074,2
4511,2
4513,2
4622,2
4687,2
4871,2
4902,2
4918,2
4986,2
5226,2
5904,2
6021,2
6026,2
6256,2
6346,2
6400,2
6408,2
6697,2
6702,2
7201,2
7622,2
7746,2
7748,2
7771,2
7976,2
8109,2
8148,2
8170,2
8201,2
8377,2
8425,2
8439,2
8523,2
8566,2
8648,2
8652,2
8686,2
8758,2
8768,2
8820,2
8944,2
9166,2
9243,2
9261,2
9571,2
9679,2
9850,2
9883,2
